7.604562569606257E-4 0.0017812029334145117 7.604562569606257E-4 0.001270829595187567 7.604562569606257E-4 7.604562569606257E-4 0.0022915762716414633 7.604562569606257E-4 7.604562569606257E-4 7.604562569606257E-4 0.9638349454912041 0.023216883138946178 7.604562569606257E-4 7.604562569606257E-4 7.604562569606257E-4 
6.139664107598271E-4 4.380448014134854E-4 4.3804480141348436E-4 0.002373182504223256 0.019965343438857457 0.0014935744574915417 0.0011417312387988561 7.898880201061708E-4 2.6212319206714074E-4 0.0011417312387988568 0.005715693081803739 0.9636088559726432 6.139664107598279E-4 6.139664107598278E-4 7.898880201061694E-4 
6.600659919931129E-4 0.0011030633119573658 0.001103063311957365 0.001103063311957366 0.0011030633119573647 0.001546060631921617 6.600659919931129E-4 0.28373535344915013 6.600659919931129E-4 0.33512304256500347 6.600659919931129E-4 0.37056282816214337 6.600659919931129E-4 6.600659919931129E-4 6.600659919931129E-4 
1.8957923055123462E-4 1.895792305512346E-4 1.1344299236373127E-4 0.0012554865651762859 0.13061095524574456 0.010544107624051688 1.1344299236373127E-4 1.1344299236373127E-4 1.1344299236373127E-4 2.6571546873873796E-4 0.19639266503974784 0.6591487207433921 2.657154687387379E-4 4.179879451137447E-4 2.6571546873873796E-4 
0.005533036511599866 0.02591091322995546 6.600659919931129E-4 0.0024320552718501143 0.0015460606319216174 0.011734998991099392 0.001546060631921617 0.1805169778974796 0.001546060631921617 0.0028750525918143682 0.6133253595025541 0.14552018962030364 6.600659919931129E-4 0.004204044551707107 0.001989057951885863 
1.7940321173437704E-4 1.0735372814645735E-4 1.0735372814645735E-4 8.278485640256596E-4 2.5145269532229675E-4 3.2350217891021643E-4 4.676011460860563E-4 0.0038539268747182793 2.5145269532229675E-4 1.0735372814645735E-4 0.011779370069389426 0.9577170400951879 3.955516624981361E-4 0.010482479364806865 0.013148310257559883 
0.01125672071727688 4.2909480284899555E-4 8.536064683541429E-5 0.0562858951550564 8.536064683541429E-5 1.9993869883994233E-4 1.4264967283767832E-4 0.0012311411668806949 8.536064683541429E-5 8.874070108671106E-4 0.0019758985049101304 0.9262770440254374 8.536064683541429E-5 1.9993869883994266E-4 7.728289588625802E-4 
2.6212319206714074E-4 6.139664107598271E-4 2.6212319206714074E-4 2.6212319206714074E-4 0.003604633769647649 0.21259950567310282 2.6212319206714074E-4 0.0030768689416086274 2.6212319206714074E-4 0.0013176528481451994 4.380448014134851E-4 0.48950011878424643 2.6212319206714074E-4 0.00360463376964763 0.2836718358490253 
4.8645521433146155E-4 0.004249862352522376 2.0768431520620792E-4 7.652261134567151E-4 0.0013227679117072222 0.0038317060038345 0.010800978481965826 4.8645521433146155E-4 6.258406638940883E-4 7.652261134567152E-4 0.439132464987918 0.4966986556572829 0.002716622407333474 0.03672667210061443 0.0011833824621445956 
3.905927150448691E-4 1.2961762510586112E-4 8.255511982765459E-4 0.002913351917788618 2.1660932175219706E-4 1.2961762510586112E-4 1.2961762510586112E-4 2.1660932175219714E-4 1.2961762510586112E-4 1.2961762510586112E-4 3.0360101839853294E-4 0.9940967435061394 1.2961762510586112E-4 1.2961762510586112E-4 1.2961762510586112E-4 
3.595298948209132E-4 8.254230108757167E-5 3.0413237607424627E-4 0.1287155808308519 0.10328811972613096 0.0013012877135142782 0.06146299307239623 1.9333733858090905E-4 8.254230108757167E-5 1.3793981983424054E-4 0.6512249776494292 0.04894315383564913 0.00324020086964767 3.041323760742446E-4 3.595298948209137E-4 
0.0015051855782744203 9.472961853943578E-4 5.009846710903033E-4 0.3405903585707811 3.8940679251428913E-4 5.009846710903032E-4 0.0027325422426105806 0.002955697999762606 3.8940679251428913E-4 0.05126891942317674 0.001839919214002464 0.5943184544526372 0.001616763456850443 2.77828913938275E-4 1.662510353622609E-4 
0.016419952046775693 0.005087022880284492 9.07852907561234E-5 0.0015530987315936946 0.011179995550441049 0.0015530987315936946 0.003015412172431266 9.4380146457804E-4 9.07852907561234E-5 0.0010656609179811709 0.0017968176383999568 0.951508467735701 0.005452601240493885 9.07852907561234E-5 1.5171501745768885E-4 
1.9175454989694187E-4 5.778375448962471E-4 1.9175454989694187E-4 0.0012213092032284335 0.0012213092032284307 5.778375448962492E-4 0.002250863856559922 5.778375448962474E-4 1.9175454989694187E-4 0.001736086529894177 0.8132825420184397 0.17727515492291307 3.2044888156337843E-4 1.9175454989694187E-4 1.9175454989694187E-4 
1.7497812383323208E-4 0.0018190679147192627 1.7497812383323208E-4 0.0014667629595294007 6.447180640863805E-4 1.7497812383323208E-4 5.272830790230947E-4 0.06323756510281871 1.7497812383323208E-4 1.7497812383323208E-4 0.2285860240719277 0.5912252579473597 2.924131088965209E-4 0.10868490432231107 0.0026411128101622694 
1.8814675027494643E-4 5.669657190273359E-4 3.144197398590766E-4 0.11219228851139847 0.05738981103188588 4.4069272944320594E-4 1.8814675027494643E-4 4.4069272944320594E-4 1.8814675027494643E-4 1.8814675027494643E-4 8.195116981955926E-4 0.5859685454310547 1.8814675027494643E-4 4.4069272944320594E-4 0.24048564592887461 
2.6985491616954386E-4 4.735969584012018E-5 1.427147902670162E-4 4.735969584012018E-5 1.7449982174264813E-4 1.109297587913842E-4 2.3806988469391257E-4 2.3806988469391149E-4 1.4271479026701622E-4 1.1092975879138432E-4 0.24018327249424085 0.6792299122671467 7.91447273157523E-5 0.027350701733408086 0.051634465780791075 
0.003045775820823566 0.004829539115566839 0.002302541114680538 2.2148393748007035E-4 2.2148393748007035E-4 6.674247611658872E-4 0.005424126880481275 5.18777819937281E-4 2.2148393748007035E-4 0.0017079533497661194 0.21977301613213024 0.7578749433796814 2.2148393748007035E-4 0.001856600290994723 0.001113365584851701 
1.652141292437926E-4 4.306183564784205E-4 9.886307243513668E-5 2.3156518605244958E-4 0.0028192564015900507 9.886307243513668E-5 1.6521412924379317E-4 9.886307243513668E-5 9.886307243513668E-5 1.652141292437926E-4 0.39694453384501016 0.5981872891456655 2.3156518605244977E-4 1.6521412924379243E-4 9.886307243513668E-5 
3.332284979775273E-4 0.021344021623365947 1.9940179017250545E-4 0.0012700154526126756 0.0015376688682227193 6.008819135875693E-4 1.9940179017250545E-4 0.005686296810178413 1.9940179017250545E-4 8.685353291976123E-4 0.005418643394568363 0.9583986296741279 3.3322849797752724E-4 0.0032774160696880197 3.332284979775273E-4 
0.0010574635924141935 4.5146725860028235E-4 0.001057463592414193 4.5146725860028235E-4 0.00954141226580888 4.5146725860028235E-4 0.011056403100343646 7.544654255072337E-4 4.5146725860028235E-4 4.5146725860028235E-4 7.544654255072328E-4 0.9712575940284828 0.0013604617593211458 4.5146725860028235E-4 4.5146725860028235E-4 
0.0060215679222490924 0.006437135067596841 6.19195032728087E-4 0.001450329323423623 6.19195032728087E-4 6.19195032728087E-4 0.001034762178075855 6.19195032728087E-4 0.001034762178075855 0.005190433631553543 0.003112597904814678 0.8155463670597005 0.003528165050162457 0.05672075965467672 0.09744633989875794 
0.03398870082391374 1.7196904173790494E-4 7.490463759047245E-4 0.0023648629115718186 0.047953972310750735 2.8738450857126964E-4 0.004557756781405732 2.8738450857126893E-4 1.7196904173790494E-4 4.02799975404633E-4 0.043799015504749496 0.8587476268151326 0.006058157850239456 1.7196904173790494E-4 2.8738450857126926E-4 
2.166847188994381E-4 2.166847188994381E-4 2.166847188994381E-4 0.004579464391571648 0.0032706304897699794 7.983886752557291E-4 3.6211070798851033E-4 0.0026889265334136938 5.075366970775839E-4 0.003125204500680917 0.028720178580357792 0.9473761516560341 2.166847188994381E-4 9.438146643448027E-4 0.006760854227907748 
0.006414612235619063 0.0013936076996984138 1.662510353622609E-4 2.77828913938275E-4 0.0846307051174049 0.012216661921571729 3.8940679251428913E-4 1.662510353622609E-4 1.662510353622609E-4 1.662510353622609E-4 0.08139494663870046 0.8022996201183281 1.662510353622609E-4 0.0017283413354264537 0.008423014049987307 
1.9175454989694187E-4 4.4914321322981357E-4 1.9175454989694187E-4 8.352262082291198E-4 0.003409112841557848 3.204488815633779E-4 0.00546822214822082 3.204488815633779E-4 1.9175454989694187E-4 5.778375448962455E-4 0.02914797917484505 0.6139350222671301 0.030563616823175824 9.639205398955613E-4 0.313433757826002 
1.6201075301016925E-4 0.004716529974855929 9.694619269808674E-5 0.0027645931654934593 4.873335545705809E-4 0.0029597868464297035 0.0023742058036209674 0.0020488830020605553 9.694619269808674E-5 2.92139873634334E-4 0.052864304605796934 0.9295441902507952 1.6201075301016938E-4 7.475917958189104E-4 6.825272355068237E-4 
5.366736948566599E-4 2.976208223233046E-4 0.003644361037790265 6.562001311233394E-4 1.7809438605662805E-4 1.7809438605662805E-4 2.976208223233048E-4 1.7809438605662805E-4 1.7809438605662805E-4 4.1714725858998133E-4 0.15197666844473615 0.8324406701109273 1.7809438605662805E-4 0.0020905173663234586 0.006752048380723855 
4.061095789506058E-4 8.953982348329861E-4 2.430133603231436E-4 4.061095789506052E-4 0.03954920204954101 0.002689456639735028 2.430133603231436E-4 4.061095789506059E-4 2.430133603231436E-4 0.0018739755465977423 8.953982348329863E-4 0.9370676931564533 0.014595480599539598 2.430133603231436E-4 2.430133603231436E-4 
0.002098190325265247 6.98359860179454E-4 5.428231418365888E-4 6.983598601794533E-4 0.007230902030579772 0.0010094332968651842 0.0022537270436081155 3.8728642349372314E-4 2.3174970515085847E-4 2.3174970515085847E-4 0.19169744998521784 0.7914470359153045 0.0010094332968651842 2.3174970515085847E-4 2.3174970515085847E-4 
0.004414663830329822 0.005276482051414324 9.673909459918286E-4 3.210272801784566E-4 3.210272801784566E-4 3.210272801784566E-4 0.021435573696748655 0.0024755728328897013 3.210272801784566E-4 3.210272801784566E-4 0.047936483995096965 0.9054456139741718 3.210272801784566E-4 3.210272801784566E-4 0.009801027712107904 
0.0013571137150985289 6.155215165568858E-4 6.155215165568859E-4 0.01767214208301485 6.155215165568874E-4 3.683241170430019E-4 3.683241170430019E-4 6.155215165568862E-4 3.683241170430019E-4 6.155215165568867E-4 0.01643615508544542 0.9587526420323702 3.683241170430019E-4 6.155215165568864E-4 6.155215165568865E-4 
0.0016753252608901613 1.3247252614268632E-4 2.3887616302182264E-4 3.4527979990095866E-4 1.32472526142686E-4 1.3247252614268632E-4 1.3247252614268632E-4 0.014124550775749128 7.927070770311812E-5 1.3247252614268632E-4 0.011411258035331122 0.967926751760327 2.388761630218223E-4 0.001090105258054916 0.0022073434452858456 
4.7281322827743953E-4 4.7281322827743953E-4 0.029349326473212367 7.901375496503505E-4 0.0030114077992607164 0.0011074618710232625 0.052514001933434994 0.0026940834778878078 4.7281322827743953E-4 4.7281322827743953E-4 0.3711076205918373 0.4926428356776622 0.04331159661362054 4.7281322827743953E-4 0.0011074618710232615 
0.003024831164363164 0.007826150483911535 0.003233584178256558 0.006782385414444495 3.1104198374884645E-4 0.0015635600671092906 0.004068596233830197 0.0015635600671092906 3.1104198374884645E-4 0.0030248311643631546 0.0034423371921499745 0.9620361769906771 3.1104198374884645E-4 3.1104198374884645E-4 0.0021898191087895208 
0.001646444253987773 9.852216531808673E-4 0.001646444253987772 0.002307666854794675 9.852216531808673E-4 0.004952557258022283 0.0016464442539877713 9.852216531808673E-4 0.0016464442539877713 0.0016464442539877804 0.10347472477825101 0.863880715706189 9.852216531808673E-4 9.852216531808673E-4 0.012226005866898242 
3.683241170430019E-4 0.0011099163155846524 6.155215165568858E-4 0.0023459033131540763 6.155215165568858E-4 0.0011099163155846524 3.683241170430019E-4 0.002593100712667957 3.683241170430019E-4 0.0018515085141262999 0.7543203926343887 0.23298107705960747 3.683241170430019E-4 3.683241170430019E-4 6.155215165568858E-4 
1.414423120857387E-4 8.463816992607992E-5 8.463816992607992E-5 1.9824645424539687E-4 4.8226716504368833E-4 0.0012775251552788992 0.0021863914298334273 3.686588807243702E-4 8.463816992607992E-5 8.463816992607992E-5 0.1431174681279452 0.8514651208588816 8.463816992607992E-5 2.5505059640505516E-4 8.463816992607992E-5 
3.9647471349430694E-4 0.001670289071075705 3.9647471349430694E-4 2.3724791879663185E-4 3.9647471349430694E-4 7.14928302889657E-4 0.02093673122949435 3.9647471349430694E-4 2.3724791879663185E-4 3.9647471349430694E-4 5.557015081919819E-4 0.9689730668594523 0.0035810106074478155 2.3724791879663185E-4 8.74155097587332E-4 
2.6212319206714074E-4 4.3804480141348354E-4 2.6212319206714074E-4 4.3804480141348447E-4 0.001493574457491542 2.6212319206714074E-4 0.0018454176761842278 0.0037805553789939834 4.3804480141348436E-4 0.0014935744574915417 0.3174487848435231 0.6689401603175152 0.0020213392855305706 2.6212319206714074E-4 6.139664107598272E-4 
2.8094271720409587E-4 7.624856863696677E-5 1.7859564292053168E-4 0.19407512787313302 0.06051219593308167 1.7859564292053257E-4 2.2976918006231364E-4 7.624856863696677E-5 7.624856863696677E-5 1.274221057787494E-4 0.24325289706638564 0.5006557888895499 7.624856863696677E-5 7.624856863696677E-5 1.27422105778749E-4 
0.00107205767736386 0.018750276219142076 3.144197398590766E-4 0.010037439937837064 3.144197398590766E-4 4.4069272944320605E-4 4.4069272944320594E-4 0.08365459286538507 1.8814675027494643E-4 0.0011983306669479826 0.10815155284470632 0.7736102079530723 6.932387086114621E-4 4.4069272944320594E-4 6.932387086114616E-4 
0.0015076069157628315 1.9550341695284617E-4 9.827655162388373E-4 7.203448164768404E-4 1.9550341695284617E-4 3.2671376683384524E-4 1.9550341695284617E-4 4.5792411671484353E-4 1.9550341695284617E-4 3.267137668338446E-4 0.27534360711740663 0.7121428618712513 1.9550341695284617E-4 0.0024260793649298206 0.004787865662787793 
1.4461315657219762E-4 2.416689685215616E-4 1.4461315657219762E-4 1.4461315657219762E-4 8.240038402177506E-4 1.4461315657219762E-4 1.4461315657219762E-4 1.4461315657219762E-4 1.4461315657219762E-4 1.4461315657219762E-4 1.4461315657219762E-4 0.9971989693123915 1.4461315657219762E-4 1.4461315657219762E-4 1.4461315657219762E-4 
6.155215165568858E-4 3.683241170430019E-4 6.155215165568866E-4 0.3397703536496054 3.683241170430019E-4 0.0023459033131540733 3.683241170430019E-4 6.155215165568868E-4 3.683241170430019E-4 8.627189160707702E-4 8.627189160707689E-4 0.6487671030419601 3.683241170430019E-4 6.155215165568868E-4 0.0030874955116957314 
0.03946575182320897 4.962779046226535E-4 0.11107632355394462 0.002161640037895568 8.293503312772382E-4 4.962779046226535E-4 0.0011624227579318193 8.29350331277241E-4 4.962779046226535E-4 4.962779046226535E-4 0.6389961198014598 0.12106849635358213 0.0018285676112409837 0.008490016144332682 0.0721068496353583 
4.171472585899815E-4 4.1714725858998155E-4 1.7809438605662805E-4 5.366736948566598E-4 1.7809438605662805E-4 2.976208223233048E-4 0.09185487100259757 0.47876194519783005 1.7809438605662805E-4 2.976208223233046E-4 0.22787595547407583 0.1940499740106064 2.976208223233046E-4 1.7809438605662805E-4 0.004481046091656999 
0.0034710353268664466 4.1407866575034853E-4 4.1407866575034853E-4 0.004860561081919231 4.1407866575034853E-4 4.1407866575034853E-4 0.006805897138993123 0.0031931301758558934 4.1407866575034853E-4 9.698889677714598E-4 0.03654174829712256 0.9372323427223311 4.1407866575034853E-4 4.1407866575034853E-4 0.004026845628887585 
0.0011114822734268972 5.041149072140529E-4 0.0015163938509021246 7.065706959516679E-4 7.065706959516674E-4 5.041149072140529E-4 0.2568131434490346 3.0165911847643967E-4 3.0165911847643967E-4 0.0011114822734268938 0.04909350420424172 0.2396044014063373 0.003945863315753527 7.065706959516679E-4 0.4430724690876407 
0.0349303122813441 0.00354710229711784 3.4881338152789777E-4 7.485994959766384E-4 0.007245123855768711 0.0061457120410346715 4.4875991014008354E-4 0.047223735300642826 2.4886685291571254E-4 4.4875991014008316E-4 0.0077448564988296335 0.8164122195000222 0.06641346879418239 0.0014482251962619373 0.006645444684095605 
5.197949976422534E-4 7.285480115356594E-4 3.1104198374884645E-4 3.1104198374884645E-4 5.197949976422528E-4 9.373010254290675E-4 0.48127798599415983 0.21845794150236003 5.197949976422528E-4 7.285480115356598E-4 0.0030248311643631485 0.2848413999204634 0.006156126372764276 5.19794997642253E-4 0.001146054039322475 
0.0011304855446524322 1.348617636808464E-4 5.874180277588354E-4 3.1588426931204315E-4 4.063955221276419E-4 6.779292805744349E-4 7.684405333900331E-4 0.0731774427858687 1.348617636808464E-4 3.158842693120435E-4 0.12205351930629185 0.703678829899327 1.348617636808464E-4 0.09553372223132141 9.494630390212295E-4 
9.918071968694582E-4 6.304930974574108E-4 0.006953489837168301 6.304930974574136E-4 0.004243634091577917 6.304930974574114E-4 9.918071968694593E-4 0.004966262290402019 9.918071968694612E-4 2.6917899804535867E-4 0.029896935149833572 0.9454668630599719 4.4983604775138483E-4 2.6917899804535867E-4 0.002617720644223691 
1.9175454989694187E-4 3.204488815633782E-4 1.9175454989694187E-4 0.0799822401830871 0.020010681626528033 0.02914797917484509 5.778375448962494E-4 0.0013500035348948678 1.9175454989694187E-4 0.0013500035348948663 0.7926914489518095 0.0705875539714375 1.9175454989694187E-4 9.639205398955555E-4 0.0022508638565599203 
7.285480115356608E-4 3.1104198374884645E-4 3.1104198374884645E-4 3.1104198374884645E-4 3.1104198374884645E-4 0.018263801178581927 3.1104198374884645E-4 3.1104198374884645E-4 3.1104198374884645E-4 3.1104198374884645E-4 3.1104198374884645E-4 0.7382529460969443 3.1104198374884645E-4 3.1104198374884645E-4 0.23933324289170063 
3.595213901709029E-4 1.5349193825014895E-4 1.5349193825014895E-4 2.565066642105263E-4 0.1966025743446884 2.565066642105263E-4 2.565066642105256E-4 1.5349193825014895E-4 1.5349193825014895E-4 1.5349193825014895E-4 5.655508420916559E-4 0.7998568095686547 5.655508420916555E-4 2.565066642105256E-4 2.565066642105262E-4 
5.19794997642254E-4 5.197949976422519E-4 5.19794997642254E-4 0.0934148861802083 3.1104198374884645E-4 3.1104198374884645E-4 0.46144644967428605 0.019933825289729184 3.1104198374884645E-4 7.285480115356609E-4 5.19794997642254E-4 0.4138507625065891 3.1104198374884645E-4 5.197949976422521E-4 0.006782385414444504 
6.11700113261901E-4 2.5145269532229675E-4 0.04297679646295863 0.06293450341681235 0.15465349602423437 6.117001132618978E-4 2.5145269532229675E-4 3.955516624981361E-4 1.0735372814645735E-4 1.7940321173437706E-4 3.955516624981361E-4 0.7361648780623333 1.0735372814645735E-4 1.7940321173437706E-4 1.7940321173437706E-4 
4.7655785493441684E-4 8.862064447470909E-4 2.0345879505930304E-4 4.7655785493441776E-4 3.400083249968588E-4 3.4000832499685944E-4 0.001022755974684655 0.001568954094434887 2.0345879505930304E-4 0.01932039298631738 0.051682631581518736 0.7834515625168914 0.05291157735095671 0.08609311312578329 0.0010227559746846524 
4.735969584012018E-5 2.698549161695437E-4 2.062848532182794E-4 0.0014776861122435712 0.001954461584378049 0.13967900296829197 0.05147554062341287 3.016399476451761E-4 4.735969584012018E-5 4.735969584012018E-5 0.14832453152966402 0.6556772039437038 1.1092975879138419E-4 4.735969584012018E-5 3.3342497912080816E-4 
2.8169354863948656E-4 4.431225178816699E-4 4.431225178816695E-4 1.202645793973032E-4 2.816935486394865E-4 3.624080332605782E-4 1.202645793973032E-4 5.238370025027614E-4 1.202645793973032E-4 0.001734554271819137 0.3301617921950413 0.6643197585263607 2.8169354863948634E-4 6.045514871238528E-4 2.0097906401839467E-4 
8.848433016543968E-4 2.687644127289733E-4 1.9175455161329514E-4 0.08228426650092623 0.0031181292740090527 3.457742738446514E-4 1.1474469049761701E-4 2.687644127289733E-4 1.1474469049761701E-4 1.1474469049761701E-4 0.0027330799684306692 0.9082920368276904 1.1474469049761701E-4 1.1474469049761701E-4 0.0010388630238857522 
7.604562569606257E-4 7.604562569606257E-4 7.604562569606257E-4 7.604562569606257E-4 7.604562569606257E-4 7.604562569606257E-4 0.07272309694695982 0.001270829595187565 0.001270829595187565 7.604562569606257E-4 0.8995279048746101 7.604562569606257E-4 0.016071656403768904 0.001270829595187562 0.0017812029334145101 
1.2002469161584027E-4 5.1242632726899305E-5 1.2002469161584013E-4 5.1242632726899305E-5 5.1242632726899305E-5 8.563366217136968E-5 8.56336621713696E-5 1.2002469161584053E-4 5.1242632726899305E-5 8.563366217136961E-5 0.4102330508169289 0.5285725831353533 2.9197983883819383E-4 5.1242632726899305E-5 0.06002919798388372 
0.011585930144180016 8.53896578522319E-4 2.3174970515085847E-4 3.8728642349372363E-4 5.428231418365883E-4 0.10879637910847069 0.005364461410465401 0.07644474169315474 3.8728642349372347E-4 0.014230054356008718 0.003186947353665309 0.39296196352088525 0.0010094332968651842 3.8728642349372363E-4 0.3836297604203133 
4.6974634397470256E-4 3.651257766118954E-4 1.5588464188628567E-4 2.6050520924909035E-4 8.882286134259197E-4 0.00318988109540762 1.5588464188628567E-4 1.5588464188628567E-4 1.5588464188628567E-4 6.789874787003096E-4 7.836080460631171E-4 0.9918542426739109 4.697463439747028E-4 2.605052092490915E-4 1.5588464188628567E-4 
9.938393798863469E-5 5.947070934690425E-5 5.947070934690425E-5 1.792103952720947E-4 0.0015362601690909292 5.947070934690425E-5 5.947070934690425E-5 5.947070934690425E-5 5.947070934690425E-5 9.938393798863513E-5 0.11700523062961711 0.8805452945459207 5.947070934690425E-5 5.947070934690425E-5 5.947070934690425E-5 
5.947070934690425E-5 5.947070934690425E-5 5.947070934690425E-5 5.947070934690425E-5 2.1912362391382612E-4 0.10746596898424346 1.3929716663036465E-4 1.79210395272095E-4 1.3929716663036457E-4 5.947070934690425E-5 0.3463067291763583 0.2672386232370906 1.79210395272095E-4 9.938393798863511E-5 0.2777358023698656 
2.7881677912455554E-4 2.788167791245556E-4 1.264578825038194E-4 0.0010406112622282301 0.10784419779336452 0.0024118413318148612 0.011654947726806184 6.851071701131855E-4 7.56715836302407E-5 0.0035799262059071787 0.16228711018584066 0.7093571216520308 7.56715836302407E-5 2.2803048025097687E-4 7.56715836302407E-5 
3.204488815633782E-4 1.9175454989694187E-4 1.9175454989694187E-4 1.9175454989694187E-4 1.9175454989694187E-4 0.15616928452961742 1.9175454989694187E-4 1.9175454989694187E-4 1.9175454989694187E-4 0.004052584499890027 1.9175454989694187E-4 0.837219687708396 1.9175454989694187E-4 3.204488815633787E-4 1.9175454989694187E-4 
8.360948723565367E-4 8.360948723565364E-4 0.001722414528508103 0.07883222461369545 0.22477952799332174 0.053128954585299634 2.4521510158881756E-4 0.0016239345667134928 3.436950633834374E-4 6.391349487672967E-4 3.436950633834377E-4 0.6359333684858592 2.452151015888187E-4 3.4369506338343824E-4 1.467351397941978E-4 
6.795786460557523E-5 1.5917647685329616E-4 1.1356717072943572E-4 6.795786460557523E-5 1.5917647685329618E-4 1.1356717072943559E-4 0.017262666273300975 6.795786460557523E-5 6.795786460557523E-5 1.1356717072943572E-4 0.002622079007541757 0.9744651738947605 0.0043552326402484555 1.1356717072943572E-4 2.503950891010172E-4 
9.932738621118002E-4 2.5697003367296185E-4 1.0970926798519392E-4 1.83339650829077E-4 5.51491565048496E-4 2.5697003367296185E-4 1.8333965082907783E-4 0.004674793004305993 1.0970926798519392E-4 0.014983046602449748 0.0012141650106434528 0.9756386515666032 4.042307993607315E-4 1.8333965082907778E-4 2.5697003367296137E-4 
3.683241170430019E-4 3.683241170430019E-4 3.683241170430019E-4 0.012480996693223296 0.0013571137150985284 6.155215165568859E-4 0.012728194092737148 0.026818445865028535 3.683241170430019E-4 6.155215165568871E-4 0.09108976973863835 0.8507273784448028 3.683241170430019E-4 0.0011099163155846514 6.155215165568867E-4 
6.660917286687512E-4 2.2176128414756966E-4 6.018657704895808E-5 0.005069002497105925 0.1367119951056998 6.018657704895808E-5 1.0058025382361068E-4 1.4097393059826348E-4 1.005802538236106E-4 1.4097393059826348E-4 0.21341958730076582 0.6430467334759746 1.0058025382361098E-4 6.018657704895808E-5 1.0058025382361053E-4 
0.03366704571391631 2.2148393748007035E-4 8.160717023944926E-4 2.2148393748007035E-4 0.06636937278420951 3.7013087870867514E-4 0.005721420762938481 2.2148393748007035E-4 2.2148393748007035E-4 0.0012620125260803027 0.21055690577595687 0.6796866522934354 2.2148393748007035E-4 2.2148393748007035E-4 2.2148393748007035E-4 
5.0981390653344334E-5 1.8784418741272024E-4 5.0981390653344334E-5 5.0981390653344334E-5 0.11997700705105602 0.04836354864671287 3.2470698417209497E-4 1.1941278903303242E-4 1.8784418741272016E-4 5.0981390653344334E-5 0.31616982620562084 0.36420866786816136 0.0011116680655385049 5.0981390653344334E-5 0.14909456706161314 
3.470697647688348E-4 2.0768431520620792E-4 2.0768431520620792E-4 4.8645521433146155E-4 0.0018803097099577297 0.0038317060038344855 6.258406638940885E-4 3.470697647688348E-4 2.0768431520620792E-4 2.0768431520620792E-4 0.6812449908782006 0.30615874610517185 2.0768431520620792E-4 3.470697647688348E-4 0.0036923205542718626 
1.0970926798519392E-4 1.0970926798519392E-4 0.00651555257540308 4.778611822046108E-4 1.8333965082907772E-4 0.001066904244955687 9.19643479267919E-4 0.12594403354818293 1.0970926798519392E-4 1.8333965082907697E-4 4.0423079936073E-4 0.5717760016679004 4.7786118220461224E-4 0.045834177014037115 0.24588792720086977 
9.938393798863512E-5 2.590368525555566E-4 7.779088248980541E-4 0.062044714789954276 0.025803503183263028 0.01570545633690523 1.3929716663036454E-4 0.43192060461286996 1.3929716663036473E-4 0.1662182415448707 6.182559103311315E-4 0.2373835282130762 0.038016951147632566 7.779088248980542E-4 0.02009591148749558 
2.9282576215122573E-4 4.893531236924296E-4 2.9282576215122573E-4 0.0016685172929396443 0.0012754625698572395 0.02996845735487274 0.012674049539246992 8.824078467748345E-4 8.824078467748342E-4 4.893531236924288E-4 0.012477522177705806 0.5767075771624984 2.9282576215122573E-4 0.0048129550775988725 0.35679345959789244 
2.1654797156098318E-4 1.376598211512808E-4 5.877167074157874E-5 5.877167074157874E-5 5.877167074157874E-5 0.035755659731131734 2.1654797156098337E-4 6.109887236094896E-4 5.877167074157874E-5 1.376598211512811E-4 0.3108780842849675 0.2368415551254623 9.821574594643019E-5 5.877167074157874E-5 0.41481322244975 
6.258406638940883E-4 3.470697647688348E-4 2.0768431520620792E-4 0.0011833824621445956 7.652261134567151E-4 2.0768431520620792E-4 4.8645521433146155E-4 3.470697647688348E-4 4.864552143314616E-4 2.0768431520620792E-4 0.239253730315111 0.7531678828525159 0.0011833824621445956 2.0768431520620792E-4 0.0013227679117072224 
2.2148393748007035E-4 2.2148393748007035E-4 3.701308787086752E-4 2.2148393748007035E-4 3.7013087870867514E-4 0.017464529119998334 2.2148393748007035E-4 2.2148393748007035E-4 2.2148393748007035E-4 3.7013087870867357E-4 3.701308787086735E-4 0.9787642980453893 2.2148393748007035E-4 2.2148393748007035E-4 5.18777819937282E-4 
0.011217172806956718 1.9550341695284617E-4 0.0013763965658818331 0.0032133414642158105 0.0019012379654058265 4.579241167148431E-4 4.579241167148431E-4 0.0798401857947188 1.9550341695284617E-4 7.203448164768406E-4 0.021189159397912535 0.8772054820215461 3.2671376683384476E-4 1.9550341695284617E-4 0.0015076069157628313 
0.0024286339034603663 3.768756004777566E-4 1.609010422690589E-4 0.0724043907630776 1.609010422690589E-4 5.928501586864482E-4 7.008374377907972E-4 1.609010422690589E-4 1.609010422690589E-4 7.008374377907951E-4 0.20566069317784255 0.7159005869458862 1.609010422690589E-4 1.609010422690589E-4 2.688883213734069E-4 
0.029967769574799137 0.013091380425409891 7.385595016302096E-4 0.04553928327449323 4.7758441169120394E-4 4.7758441169120297E-4 2.1660932175219706E-4 9.995345915692153E-4 1.2961762510586112E-4 0.005349119423886031 0.34418177786136445 0.554614692048851 0.003957252277544651 1.2961762510586112E-4 1.2961762510586112E-4 
1.9900425255761498E-4 5.401026074352506E-5 9.025875869704811E-5 9.025875869704798E-5 0.001503950178884426 1.9900425255761444E-4 2.715012484646593E-4 1.265072566505699E-4 5.401026074352506E-5 9.025875869704798E-5 0.4356159616702696 0.32879163820123886 9.025875869704787E-5 1.6275575460409204E-4 0.2326606216284972 
3.210272801784566E-4 5.364818354495795E-4 5.364818354495794E-4 7.519363907207001E-4 3.210272801784566E-4 5.364818354495786E-4 3.210272801784566E-4 5.3648183544958E-4 3.210272801784566E-4 3.210272801784566E-4 3.210272801784566E-4 0.9931356179695174 3.210272801784566E-4 5.3648183544958E-4 0.0011828455012629561 
1.200246916158402E-4 0.001358101751616789 1.2002469161584032E-4 0.0091992564649561 6.35890133282905E-4 0.06969307725778001 8.563366217136953E-5 0.019138263974408147 1.5441572106031102E-4 2.919798388381936E-4 0.41707686567637864 0.33216541397798055 1.2002469161584035E-4 0.04847381209054157 0.10136721537613755 
1.0188486782296639E-4 1.7026397527281263E-4 1.0188486782296639E-4 1.0188486782296639E-4 8.54055049771278E-4 2.3864308272265948E-4 6.489177274217338E-4 1.7026397527281268E-4 1.0188486782296639E-4 1.0188486782296639E-4 0.9914621846756928 0.00543545524891095 1.0188486782296639E-4 1.7026397527281268E-4 2.3864308272265994E-4 
7.768762378452251E-4 3.316749511639993E-4 3.316749511639993E-4 3.316749511639993E-4 9.994768811858396E-4 3.316749511639993E-4 3.316749511639993E-4 5.542755945046123E-4 9.994768811858433E-4 3.316749511639993E-4 3.316749511639993E-4 0.991572339746916 3.316749511639993E-4 0.00144467816786707 9.994768811858433E-4 
0.0011074618710232625 4.7281322827743953E-4 7.90137549650351E-4 0.004915353727498174 0.10042997446074442 0.0020594348351419913 0.0011074618710232625 0.0014247861923961725 4.7281322827743953E-4 0.0011074618710232623 0.07028416393031794 0.814409697549794 4.7281322827743953E-4 4.7281322827743953E-4 4.7281322827743953E-4 
7.601109384612595E-5 1.1957046036273254E-4 7.601109384612574E-5 1.6312982687933904E-4 0.0020361825870934265 0.05698632344779273 2.2846887665424942E-4 0.03609960720307983 5.423141058782269E-5 3.245172732951938E-5 0.11463714503252173 0.22891514308883937 4.027063427206759E-4 1.195704603627324E-4 0.5600534473480836 
0.09438779698003623 1.8814675027494643E-4 1.8814675027494643E-4 1.8814675027494643E-4 0.08302322791746443 0.008269618083659244 8.195116981955949E-4 0.051454980521431756 3.144197398590766E-4 6.932387086114667E-4 0.003218698500294071 0.750123431890424 5.669657190273329E-4 4.4069272944320605E-4 0.006122977260729026 
6.390596242676242E-4 3.8240916932178603E-4 3.8240916932178603E-4 0.001152360534159294 3.8240916932178603E-4 6.390596242676269E-4 8.95710079213465E-4 0.20749932631061246 3.8240916932178603E-4 0.003975515538563513 0.4071733802584735 0.37098566611111045 3.8240916932178603E-4 0.003975515538563504 0.0011523605341592971 
5.094544034845331E-4 1.6906170375400483E-4 2.825259369975141E-4 8.498471032150608E-4 2.825259369975141E-4 0.0011902398029455888 0.003459524467815781 0.1409781751589491 1.6906170375400483E-4 1.6906170375400483E-4 1.6906170375400483E-4 0.8480872767324983 5.094544034845362E-4 0.0024383463686241946 7.363828699715548E-4 
0.0013657620159188315 5.830903660896529E-4 0.001365762015918829 9.744261910042391E-4 5.830903660896529E-4 0.0013657620159188287 5.830903660896529E-4 5.830903660896529E-4 5.830903660896529E-4 5.830903660896529E-4 5.830903660896529E-4 0.9887060482754249 9.744261910042391E-4 5.830903660896529E-4 5.830903660896529E-4 
1.489203243035278E-4 1.489203243035278E-4 3.4881338152789766E-4 1.489203243035278E-4 3.488133815278965E-4 5.487064387522693E-4 3.488133815278965E-4 0.31378112710934136 2.4886685291571303E-4 2.4886685291571254E-4 6.486529673644536E-4 0.6733887370559848 5.487064387522681E-4 0.0017480647820984927 0.007345070384380879 
0.005665439992561633 2.0345879505930304E-4 3.400083249968591E-4 8.862064447470938E-4 2.0345879505930304E-4 2.0345879505930304E-4 3.400083249968589E-4 0.001978602684247554 3.400083249968598E-4 2.0345879505930304E-4 0.9832235248155382 0.003753746573435806 2.0345879505930304E-4 2.0345879505930304E-4 0.0022517017441226698 
0.0021938575744970003 0.013459096675498043 4.7543127095447295E-4 0.003912283878039533 0.0010482400388019783 2.8449501500530457E-4 0.0025757300863953497 4.754312709544734E-4 2.8449501500530457E-4 2.8449501500530457E-4 0.0012391762947511484 0.9713862927724846 4.7543127095447295E-4 4.754312709544732E-4 0.0014301125507003199 
1.1607660797297412E-4 1.1607660797297412E-4 1.1607660797297412E-4 1.9398037345451014E-4 1.1607660797297412E-4 1.1607660797297412E-4 1.1607660797297412E-4 3.4978790441758434E-4 6.614029663437283E-4 1.9398037345451E-4 7.393067318252637E-4 0.1292026160108785 1.9398037345451003E-4 0.001518344386640624 0.8662501412316935 
0.0013227679117072224 2.0768431520620792E-4 2.0768431520620792E-4 3.470697647688348E-4 2.0768431520620792E-4 2.0768431520620792E-4 0.019721647253973996 0.0060618731968365355 2.0768431520620792E-4 7.652261134567152E-4 0.0010439970125819687 0.858403897272299 0.0042498623525223725 0.004389247802085006 0.10265598974373696 
3.030173920847079E-4 6.680985922505011E-4 1.8132365869611133E-4 4.2471112547330555E-4 0.011498840863835694 1.8132365869611133E-4 1.8132365869611133E-4 5.464048588619027E-4 1.8132365869611133E-4 1.8132365869611133E-4 0.948297200489262 0.03656774994188682 3.0301739208470795E-4 1.8132365869611133E-4 3.030173920847081E-4 
0.0023594147228242217 4.1407866575034853E-4 4.1407866575034853E-4 4.1407866575034853E-4 9.698889677714605E-4 4.1407866575034853E-4 6.919838167609001E-4 4.1407866575034853E-4 4.1407866575034853E-4 4.1407866575034853E-4 0.5028665916928339 0.48813761868927474 4.1407866575034853E-4 0.001247794118782012 4.1407866575034853E-4 
2.5920251397287564E-4 7.034822213660545E-5 7.034822213660545E-5 0.00922978137619571 1.175617950956731E-4 1.1756179509567302E-4 7.034822213660545E-5 7.034822213660545E-5 7.034822213660545E-5 7.034822213660545E-5 0.0030448033185578515 0.9860313923263454 7.034822213660545E-5 7.034822213660545E-5 6.369110976454151E-4 
0.003342484072008169 3.8728642349372363E-4 0.012363613735894351 2.3174970515085847E-4 0.017340788722866034 0.09308717055584136 0.0016315801702366443 0.0017871168885795145 2.3174970515085847E-4 2.3174970515085847E-4 0.07675581512984048 0.6858376041605003 0.001164970015208049 0.029006042598580868 0.07660027841149762 
6.524071509925625E-5 6.524071509925626E-5 6.524071509925625E-5 0.040310116109788685 0.012746568638946694 0.06376009233260577 9.144180585100722E-5 0.0019255181584735739 3.903962434750532E-5 0.03826643103115209 0.4500951754671732 0.37416441446859894 3.903962434750532E-5 3.903962434750532E-5 0.018327400969069648 
9.918071968694638E-4 8.111501471634395E-4 8.111501471634376E-4 0.1785776870578927 0.0018950924453995887 0.006772832787462274 0.007856775085698429 0.004604948190989967 2.6917899804535867E-4 0.07704842512310638 0.7160324099333195 0.0018950924453995832 0.0013531212962815116 4.498360477513851E-4 6.304930974574114E-4 
2.503950891010171E-4 0.002257204558550878 6.795786460557523E-5 2.503950891010171E-4 0.02734232292667413 1.1356717072943572E-4 1.1356717072943572E-4 6.795786460557523E-5 3.416137013487382E-4 2.503950891010171E-4 0.07897205745888426 0.8897230831166281 6.795786460557523E-5 1.1356717072943572E-4 6.795786460557523E-5 
0.001365762015918829 0.057326784978705185 0.0021484336657480174 0.005670456089979293 0.005670456089979289 5.830903660896529E-4 0.002539769490662602 0.005670456089979305 9.744261910042394E-4 9.744261910042403E-4 0.6592012836973434 0.2541687049107437 9.744261910042394E-4 5.830903660896529E-4 0.0021484336657480187 
9.025875869704788E-5 1.6275575460409196E-4 5.401026074352506E-5 0.010276086683636889 0.019446956665878038 7.42731721860453E-4 7.064832239069319E-4 1.6275575460409248E-4 5.401026074352506E-5 4.164952402787493E-4 0.1268512561021652 0.8405479323090697 3.802467423252265E-4 5.401026074352506E-5 5.401026074352506E-5 
2.0768431520620792E-4 4.8645521433146155E-4 3.470697647688348E-4 0.16649452564341982 2.0768431520620792E-4 4.8645521433146155E-4 3.470697647688348E-4 2.0768431520620792E-4 2.0768431520620792E-4 4.864552143314616E-4 0.0010439970125819687 0.7782572637737883 2.0768431520620792E-4 0.04982890435950129 0.0011833824621445958 
0.004732332649950327 2.766251667333337E-4 2.766251667333337E-4 0.0023188244298744556 0.02069861779814464 0.006774531913091454 8.335886021354617E-4 0.001204897559070204 4.622796452007078E-4 0.01605725583646027 0.4510456988855198 0.375855635106233 2.766251667333337E-4 4.622796452007091E-4 0.11872418242891872 
0.004658326496322628 1.9175455161329514E-4 1.9175455161329536E-4 0.002194010940620919 0.04454943455424387 0.16121937414449625 0.004196267329628568 0.019521229691648535 0.04331727677639301 1.1474469049761701E-4 0.5303276384719424 0.1626825615056942 0.006198523718636197 0.002810089829546344 0.017827012747103594 
2.166847188994381E-4 5.075366970775825E-4 3.621107079885102E-4 2.166847188994381E-4 9.438146643448022E-4 2.166847188994381E-4 2.166847188994381E-4 7.983886752557284E-4 2.166847188994381E-4 3.621107079885106E-4 0.7990416427851792 0.19552378806552492 2.166847188994381E-4 9.438146643448021E-4 2.166847188994381E-4 
2.8449501500530457E-4 2.8449501500530457E-4 2.8449501500530457E-4 2.8449501500530457E-4 2.8449501500530457E-4 4.754312709544739E-4 0.0014301125507003173 6.663675269036387E-4 2.8449501500530457E-4 2.8449501500530457E-4 0.0016210488066494891 0.8278022282987078 2.8449501500530457E-4 0.016132204258786316 0.14959664716725612 
2.166847188994381E-4 0.0012346666425229486 2.166847188994381E-4 6.529626861666574E-4 0.2983399623514998 2.166847188994381E-4 5.075366970775844E-4 3.621107079885107E-4 0.0010892406534338758 0.03642775600207867 0.6117329688384523 0.03264668028576281 2.166847188994381E-4 0.012141615824203426 0.003997760435215351 
2.5650666421052625E-4 4.625361161312796E-4 0.09204262749490613 3.5952139017090287E-4 9.776097459331628E-4 1.5349193825014895E-4 3.595213901709029E-4 1.5349193825014895E-4 1.5349193825014895E-4 8.745950199727862E-4 0.4986417508605127 0.4045893060586889 2.565066642105264E-4 5.655508420916563E-4 1.5349193825014895E-4 
2.77828913938275E-4 0.017460822214644435 2.77828913938275E-4 5.009846710903032E-4 0.1687604255637195 3.894067925142891E-4 0.0034020095140666713 0.025717585229269507 1.662510353622609E-4 1.662510353622609E-4 0.5727839238874665 0.20870530609393265 9.472961853943583E-4 2.77828913938275E-4 1.662510353622609E-4 
3.0165911847643967E-4 5.041149072140538E-4 0.001718849639639744 3.0165911847643967E-4 5.041149072140529E-4 5.041149072140529E-4 3.0165911847643967E-4 3.0165911847643967E-4 3.0165911847643967E-4 9.09026484689283E-4 5.041149072140542E-4 0.9927399355102675 3.0165911847643967E-4 5.041149072140529E-4 3.0165911847643967E-4 
1.6353229398251634E-4 2.7328551387362097E-4 1.6353229398251634E-4 6.025451735469374E-4 1.6353229398251634E-4 0.14624506796904477 1.6353229398251634E-4 2.7328551387362097E-4 3.830387337647267E-4 3.8303873376472556E-4 1.6353229398251634E-4 0.8502022203505979 1.6353229398251634E-4 1.6353229398251634E-4 4.92791953655833E-4 
1.0180572143038176E-4 1.0180572143038118E-4 1.018057214303817E-4 6.091988898377604E-5 6.091988898377604E-5 0.0729603591412807 6.091988898377604E-5 1.018057214303816E-4 1.0180572143038163E-4 1.0180572143038177E-4 0.26516465747277157 0.2785343246828114 6.091988898377604E-5 1.8357738632359113E-4 0.38230256743229546 
4.295684670825695E-4 1.4255167180271557E-4 3.338962019892848E-4 2.3822393689600026E-4 3.3389620198928476E-4 0.014206374640515596 1.4255167180271557E-4 0.4346859797255019 0.006935282493425948 1.4255167180271557E-4 0.3318382947502209 0.18679914086880128 1.4255167180271557E-4 2.3822393689600026E-4 0.02339091208947092 
0.016658039987909684 1.2961762510586112E-4 1.2961762510586112E-4 3.03601018398533E-4 0.19072842497722792 1.2961762510586112E-4 2.1660932175219706E-4 0.18150730513271635 1.2961762510586112E-4 1.2961762510586112E-4 0.2531884631692971 0.34896632117691273 1.2961762510586112E-4 0.0071759450534590735 4.775844116912037E-4 
5.1242632726899305E-5 5.1242632726899305E-5 8.563366217137002E-5 8.563366217137E-5 0.0928038490444645 7.734542510607864E-4 8.563366217136957E-5 5.1242632726899305E-5 5.1242632726899305E-5 2.2319777994925244E-4 0.2658251181795966 0.3066128791007389 8.563366217136955E-5 5.1242632726899305E-5 0.3331627538318702 
