0.0012756800897181036 0.0023003227457666993 7.633587616938007E-4 0.9331881757659125 0.05711870484436647 7.633587616938007E-4 7.633587616938007E-4 0.0012756800897181036 7.633587616938007E-4 0.0017880014177423988 
2.6246718574984856E-4 2.6246718574984856E-4 0.0016716870065092994 7.909246185346427E-4 0.9935862883435653 0.0011432295737245056 0.0011432295737245056 6.147721409397113E-4 2.6246718574984856E-4 2.6246718574984856E-4 
0.0011067158393992952 0.013996177595162999 0.0024401084348231327 6.622516409246908E-4 0.39179074629858046 0.002440108434823129 0.5842437442380868 0.0019956442363485254 6.622516409246908E-4 6.622516409246908E-4 
2.658662720660972E-4 5.705840653075668E-4 1.1350737544536101E-4 0.01146424517369023 0.9856470301666782 2.6586627206609726E-4 1.1350737544536101E-4 0.00118001965179051 1.1350737544536101E-4 2.658662720660972E-4 
0.008218143014993063 0.0037735010302469563 0.001995644236348522 0.27489666209975927 0.4642384106499421 6.622516409246908E-4 0.24333970400806162 0.0015511800378739044 6.622516409246908E-4 6.622516409246908E-4 
0.06138236290537978 1.0741138320862142E-4 1.0741138320862142E-4 3.236759179927561E-4 0.910292750111366 1.0741138320862142E-4 3.236759179927536E-4 0.026996301874702578 1.0741138320862142E-4 2.515877397313768E-4 
8.304724331852245E-4 0.001747488234531261 0.01876959404701696 0.062155904148201005 0.9112552227070413 8.539709459157514E-5 0.004842416564074113 8.539709459157514E-5 8.539709459157514E-5 1.4271058217570204E-4 
0.5035300956744693 6.147721409397113E-4 2.6246718574984856E-4 0.0018478394841042313 0.47728337651282376 6.147721409397113E-4 9.670770961295741E-4 6.147721409397113E-4 0.014002360438154487 2.6246718574984856E-4 
0.01109126679183323 0.0043938104296361215 3.474305441420441E-4 0.012905161223261628 0.8332040352515302 2.079002032629375E-4 2.079002032629375E-4 0.13457561846984264 3.4743054414204417E-4 0.00271944633908686 
2.1674979472036582E-4 1.297016832266208E-4 0.003089337474013945 1.297016832266208E-4 0.9954378085027065 3.9084601770785545E-4 1.297016832266208E-4 1.297016832266208E-4 1.297016832266208E-4 2.1674979472036582E-4 
1.9341716406986987E-4 1.3799677269004306E-4 8.257638131021572E-5 0.6649610117650925 0.24276847023357198 0.06437023038190932 1.3799677269004317E-4 4.150987295891771E-4 1.37996772690043E-4 0.026795205026386718 
2.780600527966273E-4 0.04595137857284834 2.780600527966271E-4 0.43735720109798576 0.5112832080913214 1.6638934736862662E-4 0.0028464862776406076 2.7806005279662667E-4 0.001059754990792619 5.01401463652624E-4 
9.082651931594527E-5 0.0017366762349831013 0.013684326022789132 0.0022243354099955905 0.9624862084064675 3.956135036987526E-4 0.016488366279110944 9.082651931594527E-5 9.082651931594527E-5 0.0027119945850080855 
3.20756414072413E-4 0.005859923478165055 1.9193857537258294E-4 0.7366435224222946 0.2544783521688346 1.9193857537258294E-4 5.783920914720713E-4 1.9193857537258294E-4 3.207564140724135E-4 0.0012224812849712156 
0.19387745507484402 1.7513134460374785E-4 8.803582513886038E-4 0.001232971704781031 0.6362898012645429 1.7513134460374785E-4 0.08586020051896356 0.08092361217146965 1.7513134460374785E-4 4.1020698019870094E-4 
0.24829560536020284 1.8832391293603637E-4 1.8832391293603637E-4 0.045436620784113625 0.704443938902325 3.147158036376496E-4 1.8832391293603637E-4 5.674995850408762E-4 1.8832391293603637E-4 1.8832391293603637E-4 
0.16912020449047724 7.916347310579175E-5 1.109560330112596E-4 0.004784462339114972 0.7774708382816005 7.91634731057919E-5 2.0633371272766267E-4 0.047513662852063515 4.7370913200324274E-5 5.878444315932745E-4 
5.193529616317011E-4 0.011084986379319242 0.005727763801336863 3.705412233544112E-4 0.9782124734434272 0.002751529035791058 6.68164699908991E-4 2.2172948507712128E-4 2.2172948507712128E-4 2.2172948507712128E-4 
9.891196613950197E-5 3.644474516438159E-4 9.891196613950197E-5 0.15762783874157368 0.8406514913300447 2.9806358026773734E-4 9.891196613950197E-5 1.6529583751558044E-4 9.891196613950197E-5 4.972151943959736E-4 
1.9960079395067354E-4 0.0014052432004667082 3.3356106134134256E-4 3.3356106134134293E-4 0.9957923080414111 1.9960079395067354E-4 0.0010033623982946965 3.335610613413436E-4 1.9960079395067354E-4 1.9960079395067354E-4 
0.005615111290523828 7.561723608210837E-4 7.561723608210841E-4 0.008044580755375206 0.9430866410400502 0.015636672833035777 4.5248867771465823E-4 0.0013635397270339272 0.001667223410140353 0.022621397544483526 
0.24156488392477704 0.0027054066312046827 0.018962857965322162 0.0014548334516571852 0.6484180250042296 6.211179986255203E-4 0.0010379757251413528 0.08190837466921293 0.0014548334516571852 0.0018716911781730178 
4.0314661909346015E-4 2.876318274199428E-4 0.04291258995494781 0.04245053078825374 0.9081183795895925 8.65205785787529E-4 4.031466190934601E-4 2.8763182741994283E-4 4.031466190934604E-4 0.0038685903692989737 
0.055101981392223956 7.992546065544826E-4 2.1691973485829538E-4 0.013173870630098448 0.9255470308600989 0.002109508067870912 0.001963924349946865 3.6250345278234224E-4 3.6250345278234224E-4 3.6250345278234213E-4 
0.0011714256962206187 2.7806005279662596E-4 3.897307582246261E-4 7.247428745086222E-4 0.9542808965241929 0.039809489774308364 6.130721690806252E-4 0.001729779223360615 1.6638934736862662E-4 8.364135799366199E-4 
0.3629429723540906 3.207564140724135E-4 1.9193857537258294E-4 3.2075641407241346E-4 0.6326875265915326 8.360277688717284E-4 4.495742527722423E-4 0.001608934801070703 1.9193857537258294E-4 4.495742527722421E-4 
5.52666009209795E-4 0.0013989154965962424 9.699320830940244E-5 0.00458862510289899 0.9891022595054081 9.699320830940244E-5 0.0037423756155125546 2.2718543713808555E-4 9.699320830940244E-5 9.699320830940244E-5 
6.567849797120014E-4 4.175190475822108E-4 1.782531154524249E-4 0.0014942157421662596 0.9955245307753708 5.371520136471075E-4 1.782531154524249E-4 6.56784979712001E-4 1.782531154524249E-4 1.782531154524249E-4 
4.066036295222498E-4 0.0038357909123227724 2.4330899700794197E-4 2.4330899700794197E-4 0.9790313362877825 0.011837227905523964 4.066036295222521E-4 2.4330899700794197E-4 2.4330899700794197E-4 0.0035092016472941367 
0.001010604333146345 8.54887177779256E-4 2.3201855631093234E-4 8.548871777792575E-4 0.9924617325553517 0.0013220386438805045 3.8773571167801594E-4 3.8773571167801405E-4 2.3201855631093234E-4 0.002256341576082998 
0.02298064264967941 5.373443464198325E-4 0.003126955689103628 0.0011847471820907853 0.9664623751674755 3.215434011961827E-4 0.0031269556891036277 3.215434011961827E-4 3.215434011961827E-4 0.0016163490725380869 
0.007798608179819499 3.690036818194612E-4 6.166571650861256E-4 0.007055647730019486 0.9756284207859575 0.0021025780646861366 0.004826766380619493 8.643106483527949E-4 3.690036818194612E-4 3.690036818194612E-4 
0.024774734017156273 7.930213938667578E-5 8.776458423318106E-4 0.0018888811993956506 0.9658090681353533 2.3897087997570442E-4 0.002048549939984677 0.00401779774058268 7.930213938667578E-5 1.8574796644602726E-4 
0.0017462387376435192 0.0014281624629191604 0.021148891495829842 0.11720792646258787 0.6913356023400672 0.0030185438365409765 4.739336387460611E-4 0.0014281624629191615 7.920099134704295E-4 0.16142052864927503 
5.20604647153252E-4 0.008256497097879033 0.0017750736932168876 0.0038658554366562885 0.9821426331919529 0.002193230041904765 3.1152647280931184E-4 3.1152647280931184E-4 3.1152647280931184E-4 3.1152647280931184E-4 
0.021589474366327365 9.900989879896664E-4 9.900989879896664E-4 9.900989879896664E-4 0.9691607417698604 9.900989879896664E-4 9.900989879896664E-4 9.900989879896664E-4 0.0016545949679360446 0.001654594967936037 
0.037764679655086286 0.002597885031219477 3.690036818194612E-4 0.26585353774368764 0.6893409941296897 3.690036818194612E-4 0.001607271098152802 8.643106483527949E-4 8.643106483527962E-4 3.690036818194612E-4 
0.005824321327542689 8.467400318943126E-5 8.467400318943126E-5 0.0014485505951149506 0.9661070984257708 8.467400318943126E-5 4.824713425010416E-4 2.551585771801223E-4 8.467400318943126E-5 0.025543703719132522 
0.001353440986967218 2.3752968591481062E-4 2.3752968591481062E-4 0.0010346091866665305 0.9777758294078238 2.3752968591481062E-4 5.563614862154989E-4 2.3752968591481062E-4 2.3752968591481062E-4 0.018092110502753295 
6.147721409397113E-4 7.909246185346427E-4 4.3861966334477994E-4 0.1968486321816934 0.7943578361837008 4.3861966334477994E-4 0.004666279125623133 6.147721409397113E-4 4.3861966334477994E-4 7.909246185346427E-4 
7.627764894472219E-5 1.2747070307201063E-4 7.627764894472219E-5 0.29018731538829107 0.701523505301058 0.006270637198346666 0.0014072970562542312 1.7866375719929957E-4 7.627764894472219E-5 7.627764894472219E-5 
8.202833664441026E-4 0.0028425536176699116 5.67499585040876E-4 0.1890178086211462 0.6791655607620036 3.147158036376496E-4 0.12645382272384764 3.1471580363764967E-4 1.8832391293603637E-4 3.147158036376496E-4 
0.07203798316115097 1.9569471187710303E-4 0.00216577574796322 0.004267195519788415 0.9132625855699243 4.583721833552523E-4 3.270334476161778E-4 0.006893970234569912 1.9569471187710303E-4 1.9569471187710303E-4 
1.4471779705942133E-4 2.4184383752527152E-4 3.389698779911216E-4 1.4471779705942133E-4 0.9979205315027374 5.332219589228221E-4 2.4184383752527152E-4 1.4471779705942133E-4 1.4471779705942133E-4 1.4471779705942133E-4 
0.005817380313686165 0.009284529079419462 8.643106483527951E-4 0.006065033796952831 0.9233735358166902 0.031325689090152924 0.02092424279295287 0.0016072710981528012 3.690036818194612E-4 3.690036818194612E-4 
0.14674613510152884 4.975124267460005E-4 0.0769608334142464 0.06928111121899512 0.6976827273695456 0.0014992153217787611 0.0018331162867896815 0.0035026211118442795 4.975124267460005E-4 0.0014992153217787626 
0.08320353156448893 4.1751904758221013E-4 2.9788608151731826E-4 0.1184952565536327 0.22460969745319379 1.782531154524249E-4 0.5220172510905201 0.0011353168439715733 1.782531154524249E-4 0.04946703513418875 
0.00319975492711062 9.71901185502128E-4 0.002921273209409566 0.005427608668719151 0.9834554012348513 0.0015288646209042514 0.0012503829032031932 4.1493775010000055E-4 4.1493775010000055E-4 4.1493775010000055E-4 
0.701654534804107 3.0211479689298766E-4 5.048764100780742E-4 0.0019242077023736775 0.0546422271304963 7.076380232631606E-4 3.0211479689298766E-4 0.004560108673779796 3.0211479689298766E-4 0.23510006286522275 
0.016652497021598742 4.490943064889089E-4 0.07956570879816711 3.4907330207465266E-4 0.8677312235825201 2.4905229766039453E-4 0.012851698853856936 0.0010492203329744588 1.4903129324613564E-4 0.02095340021141184 
0.0011478391701850658 3.1152647280931184E-4 5.20604647153252E-4 7.296828214971924E-4 0.358253360949635 3.1152647280931184E-4 0.249950866639474 3.1152647280931184E-4 3.1152647280931184E-4 0.3881515398808184 
9.501037023261063E-4 1.3495276351935574E-4 0.0023992609268714458 5.878143961897712E-4 0.8165539041417499 3.1609741658752077E-4 0.017615411784597503 0.16099140468805212 1.3495276351935574E-4 3.1609741658752125E-4 
0.0011740443870343047 2.695417729672515E-4 4.50442295780662E-4 0.0035257511836086167 0.9729716529406717 0.0089527668680109 0.011485374187398636 2.695417729672515E-4 2.695417729672515E-4 6.313428185940758E-4 
0.26272269384562347 8.360277688717288E-4 1.9193857537258294E-4 0.47269577092634474 0.26220742249082446 1.9193857537258294E-4 3.207564140724135E-4 1.9193857537258294E-4 3.207564140724126E-4 3.2075641407241324E-4 
0.3156014133834712 3.1152647280931184E-4 3.1152647280931184E-4 3.1152647280931184E-4 0.6816972966597106 3.1152647280931184E-4 5.20604647153252E-4 3.1152647280931184E-4 3.1152647280931184E-4 3.1152647280931184E-4 
1.536098276010122E-4 1.536098276010122E-4 7.721729055921271E-4 1.536098276010122E-4 0.9395447376034394 0.05829853915876571 1.536098276010122E-4 2.567036739328645E-4 1.536098276010122E-4 3.5979752026471675E-4 
0.016201467722948747 3.1152647280931184E-4 3.1152647280931184E-4 0.09795103389142949 0.5506052813460598 3.1152647280931184E-4 0.013692529630821475 3.1152647280931184E-4 3.1152647280931184E-4 0.3199920550446939 
1.0741138320862142E-4 5.399404527768869E-4 8.282931658223986E-4 4.6785227451550955E-4 0.862137847032766 0.13520065744503054 3.9576409625413243E-4 1.0741138320862142E-4 1.0741138320862142E-4 1.0741138320862142E-4 
7.504203128727615E-4 0.008268292345364161 3.403545656459586E-4 0.0010237974776906242 0.744062931452658 2.03665983237022E-4 0.0011604860600995617 0.11638896103083114 2.03665983237022E-4 0.1275974247883638 
0.0015416212287573002 7.916347310579177E-5 4.7370913200324274E-5 0.07628592956651174 0.9176760274647127 0.0025271905858268 1.4274859291672832E-4 4.7370913200324274E-5 4.7370913200324274E-5 0.0016052063485682384 
2.818630393388551E-4 0.02434925172831354 1.2033694075513255E-4 0.04575145979065677 0.9156502637132946 1.2033694075513255E-4 6.856782857981622E-4 0.011588689940199464 1.2033694075513255E-4 0.001331782680133057 
3.45972766534733E-4 1.1481056000848709E-4 1.9186462885056977E-4 0.003274027382533878 0.9950369474489774 5.000809042188992E-4 1.9186462885056958E-4 1.1481056000848709E-4 1.1481056000848709E-4 1.1481056000848709E-4 
0.0012756800897181038 7.633587616938007E-4 7.633587616938007E-4 0.8665864031227537 7.633587616938007E-4 7.633587616938007E-4 0.001275680089718098 7.633587616938007E-4 0.0012756800897181033 0.12576976279962215 
0.09767801058824507 1.5445529453996567E-4 1.8885513767707518E-4 1.5445529453996567E-4 0.9010175473691607 1.200554514028562E-4 5.125576512863741E-5 8.56556082657468E-5 5.125576512863741E-5 4.984537259110599E-4 
0.507402793586895 5.434528670450958E-4 0.009419330722968744 8.548871777792593E-4 0.47018639345416263 3.877357116780152E-4 0.008173593480032092 3.8773571167801556E-4 6.991700224121752E-4 0.0019449072653488371 
7.842192847749506E-4 2.60708411435857E-4 3.654105861036749E-4 1.5600623676803913E-4 0.9976536242970779 1.5600623676803913E-4 1.5600623676803913E-4 1.5600623676803913E-4 1.5600623676803913E-4 1.5600623676803913E-4 
5.9488398433168156E-5 5.9488398433168156E-5 3.788892025289371E-4 0.028645860365004716 0.9682831009142508 0.002295294027103569 5.9488398433168156E-5 5.9488398433168156E-5 9.941349894513956E-5 5.9488398433168156E-5 
0.4884632429613797 5.9488398433168156E-5 5.9488398433168156E-5 0.061025116880213545 0.44813889144428837 9.941349894513967E-5 8.579904086725971E-4 0.0011374661122563977 9.941349894513962E-5 5.9488398433168156E-5 
0.0023111431733873326 6.345609624042775E-4 1.2650574695487164E-4 0.10813904455149957 0.8393829161478358 0.03823064690566068 2.7892231158969564E-4 3.2972783313463657E-4 7.570022540993007E-5 0.010490832142122855 
1.9193857537258294E-4 0.002510659671969505 1.9193857537258294E-4 3.207564140724132E-4 0.8872315758623947 1.9193857537258294E-4 1.9193857537258294E-4 1.9193857537258294E-4 0.10878537659932831 1.9193857537258294E-4 
1.468428748430363E-4 4.424996764374614E-4 0.0020193359516077246 0.06844356404315492 0.7704313632955165 0.1548739023759251 0.0029063063563909857 2.4539514204117855E-4 2.453951420411787E-4 2.453951420411786E-4 
6.154786711729178E-4 3.8735462643888885E-4 1.592305817048598E-4 0.0026229702648323653 0.9876625954263716 6.798096381124775E-5 1.5923058170485936E-4 1.1360577275805391E-4 6.798096381124775E-5 0.008143572147395875 
6.991358391419367E-4 0.004603687957641437 8.464774285192762E-4 0.001362172991339964 0.9702804647367249 1.0976948163257863E-4 0.02140062914665816 1.0976948163257863E-4 1.8344027632124856E-4 4.0445266038725754E-4 
0.0013596176148861394 0.0018549245814194714 6.166571650861268E-4 0.05311919561761971 0.9047995245716907 6.166571650861265E-4 0.024391391558686235 3.690036818194612E-4 3.690036818194612E-4 0.012504024361886133 
3.834513843776344E-4 2.622338757190525E-4 2.622338757190524E-4 0.13416717510723208 0.8545224232289638 0.010040446240844637 1.410163670604703E-4 6.020469462141556E-5 6.020469462141556E-5 1.0061053084094276E-4 
8.16976438186281E-4 6.68164699908991E-4 0.06227622434670676 0.17477789848433797 0.7552924895040458 0.0036443994654548 2.2172948507712128E-4 2.2172948507712128E-4 3.705412233544112E-4 0.0017098468678500244 
0.3649860193261297 8.521881271109754E-5 5.099438947780004E-5 3.247897753441809E-4 0.5709485983441139 0.06281858659934554 2.2211650564428766E-4 8.521881271109721E-5 1.1944323594439464E-4 3.590141985774796E-4 
0.007044886906339138 3.4743054414204455E-4 7.660215667793631E-4 0.4952615496423331 0.4909361090750811 2.079002032629375E-4 0.0038356890661197123 6.264912259002563E-4 2.079002032629375E-4 7.660215667793619E-4 
0.3101164735315549 1.0976948163257863E-4 4.781234550759269E-4 5.517942497645965E-4 0.4797803136995621 0.004972041931084784 0.15142958177216043 0.05064793463806006 1.0976948163257863E-4 0.0018041977594719896 
0.06082549137765365 0.13516602853094428 9.941349894513971E-5 0.0069665307870042156 0.20954649078474724 0.018265334231892087 0.5466341144073217 0.007246006490588024 1.7926369996908238E-4 0.015071326190934379 
0.4173453522221827 4.900706502507668E-4 2.932551254292685E-4 0.0028518569481087394 0.5651538113631277 2.932551254292685E-4 4.900706502507661E-4 0.0063945363948956805 0.0018677793240012518 0.004820012196323705 
0.5849101791745669 9.824461594753301E-5 1.3770028553049214E-4 0.10323536490580262 0.31096946526008246 5.8788946364573905E-5 9.824461594753317E-5 2.5606729427936955E-4 5.8788946364573905E-5 1.7715595511345124E-4 
0.04122982042172025 3.474305441420441E-4 4.8696088502114934E-4 6.264912259002556E-4 0.9520838856805278 2.079002032629375E-4 0.0021613249755704275 2.079002032629375E-4 3.4743054414204417E-4 0.002300855316449542 
6.68164699908991E-4 2.2172948507712128E-4 3.705412233544112E-4 3.705412233544112E-4 0.9933912707477123 5.193529616317011E-4 2.2172948507712128E-4 5.193529616317011E-4 0.0033467759889002306 3.705412233544112E-4 
7.210496548334072E-4 0.0016404208050069288 0.03158565255351597 0.002953808162397666 0.9562103521566017 7.210496548334025E-4 0.00466121172700563 4.583721833552533E-4 4.5837218335525337E-4 5.897109190943271E-4 
0.0016740697475660009 1.6103059221968602E-4 3.77179042983447E-4 0.24613796756137737 0.7472781506571526 1.6103059221968602E-4 4.852532683653249E-4 0.002862886226766673 3.7717904298344526E-4 4.852532683653245E-4 
1.297016832266208E-4 0.03799563018300558 0.015014928748656948 0.2682378850839606 0.6743173252022793 3.908460177078563E-4 0.002218856359076497 2.1674979472036582E-4 1.297016832266208E-4 0.0013483752441390494 
0.4318902534131935 1.6279971888042097E-4 9.028313977664813E-5 0.07133782210923367 0.495886134472273 9.028313977664816E-5 9.028313977664817E-5 3.078328770879675E-4 5.402485022476123E-5 9.028313977664825E-5 
7.531452916434821E-4 3.215434011961827E-4 7.531452916434822E-4 9.68946236867135E-4 0.9949480999369973 5.373443464198312E-4 3.215434011961827E-4 7.531452916434807E-4 3.215434011961827E-4 3.215434011961827E-4 
0.23775417184255457 3.6085435336262114E-4 1.2005545140285637E-4 1.8885513767707504E-4 0.6222412185860263 8.56556082657468E-5 0.12767467380380457 0.01099040588272944 4.984537259110599E-4 8.56556082657468E-5 
0.00865368169513222 1.0193679690836297E-4 1.0193679690836297E-4 0.5987240796725772 0.387324945788484 1.7035075609415372E-4 1.0193679690836297E-4 1.7035075609415372E-4 1.7035075609415372E-4 0.004480430184798983 
0.0016700483772775594 3.3222590622010456E-4 3.3222590622010456E-4 0.0010011371417488354 0.9934424402545321 5.551963180630127E-4 5.551963180630124E-4 0.0012241075535917433 3.3222590622010456E-4 5.551963180630125E-4 
4.739336387460611E-4 7.920099134704299E-4 4.739336387460611E-4 0.05136613759464463 0.9410254779986938 0.003336620111265332 7.920099134704292E-4 4.739336387460611E-4 4.739336387460611E-4 7.920099134704301E-4 
0.6974221740130342 5.770374380951036E-4 1.8493951817172407E-4 0.0072862685123396 0.2706889378297566 0.002385044513297358 0.01092406588051762 5.988206558686243E-4 4.0277169590693495E-4 0.009529939943012277 
0.012069161638887688 4.411076943392629E-4 0.1024393634905411 0.0010730671478473264 0.8653408157654771 0.00878297248064574 0.0077718373550328635 0.001073067147847325 1.8832391293603637E-4 8.202833664441026E-4 
0.014011674244995291 6.402838763941361E-4 0.0011545681213403383 0.0026974208561789336 0.7005811412481727 3.8314175392103333E-4 0.267810949125945 0.011697395142737458 3.8314175392103333E-4 6.402838763941352E-4 
3.9632518729804854E-4 1.6920473395703567E-4 2.827649606275419E-4 8.505660939800816E-4 0.8616370842564253 1.6920473395703567E-4 0.13223974835175714 0.0013048070006621095 1.6920473395703567E-4 0.0027810899473787076 
5.84795308642671E-4 5.84795308642671E-4 5.84795308642671E-4 9.77275390329827E-4 0.9935594019771513 9.772753903298295E-4 9.772753903298276E-4 5.84795308642671E-4 5.84795308642671E-4 5.84795308642671E-4 
0.08156612888645225 0.005350123522787564 1.4903129324613564E-4 6.49136315317424E-4 0.6428840056592695 1.4903129324613564E-4 0.26540473499985895 0.00204943037711704 1.4903129324613564E-4 0.0016493463594600107 
0.0477712926615462 3.403545656459582E-4 8.871088952816952E-4 0.9022116212997943 0.045584275343003335 2.03665983237022E-4 0.002390683301779964 2.03665983237022E-4 2.03665983237022E-4 2.03665983237022E-4 
2.849002785504096E-4 8.585250132854983E-4 2.849002785504096E-4 0.0020057744827556762 0.9918908583906069 0.0029618157073141582 2.849002785504096E-4 8.585250132854983E-4 2.849002785504096E-4 2.849002785504096E-4 
0.9301257317678412 2.7204202751494606E-4 1.1614401599003734E-4 2.720420275149459E-4 0.019057752416266626 1.1614401599003734E-4 6.617870563272256E-4 0.04899017062904938 1.1614401599003734E-4 2.720420275149469E-4 
0.162621216986543 0.0013241429302957954 0.0010450822485375776 0.0014636732711748993 0.8079490435524116 2.079002032629375E-4 0.0027194463390868605 0.00983549372392126 2.079002032629375E-4 0.012626100541503385 
3.032923624888149E-4 3.0329236248881455E-4 4.250965257600563E-4 0.8602406850574535 0.1363585427364653 0.0012777256686587423 1.8148819921757272E-4 3.0329236248881493E-4 1.8148819921757272E-4 4.2509652576005585E-4 
6.934194678010632E-4 4.1493775010000055E-4 6.934194678010632E-4 0.29421314992472125 0.7013534212036744 4.1493775010000055E-4 9.719011855021301E-4 4.1493775010000055E-4 4.1493775010000055E-4 4.1493775010000055E-4 
0.0017706596624593536 7.03729752050662E-5 2.1206353247625638E-4 0.0067770593527080834 0.9906290588580973 2.1206353247625638E-4 7.03729752050662E-5 1.1760316096212996E-4 7.03729752050662E-5 7.03729752050662E-5 
0.05753593173139682 5.434528670450936E-4 0.0016334729546146716 2.3201855631093234E-4 0.870223765592195 0.03666983291220799 0.0035020788190196508 0.028572540833119678 2.3201855631093234E-4 8.548871777792575E-4 
0.07986315119128941 0.033216104237222745 6.525345245061149E-5 0.15562529318241689 0.7084452120004149 1.7007827706649027E-4 0.02244535350794108 3.9047246296641435E-5 3.9047246296641435E-5 9.145965860458155E-5 
0.0013549449098477144 0.05544420123105719 0.0013549449098477146 0.7591472349752207 0.15801479766626045 8.122433414074834E-4 0.00298304961516838 4.5044229578066153E-4 4.50442295780662E-4 0.01998769875962889 
2.961050085452772E-4 0.010789811066310643 8.892275248537526E-4 0.028492236937671264 0.9584627177004147 2.9610500854527713E-4 2.0485539065166538E-4 1.5923058170485972E-4 2.961050085452773E-4 1.1360577275805398E-4 
0.006079516452262893 9.772753903298285E-4 0.0013697554720169885 0.7196083049595172 0.04689744494772746 0.002154715635391313 0.2144864398281447 0.0017622355537041503 5.84795308642671E-4 0.00607951645226289 
1.6279971888042094E-4 4.528660352955142E-4 9.028313977664794E-5 0.07122904724057798 0.9251117661875057 9.967403785738126E-4 4.1660774574362467E-4 5.402485022476123E-5 5.402485022476123E-5 0.0014318398531964524 
0.009975024064800383 2.079002032629375E-4 3.474305441420441E-4 0.1435055602861053 0.7826940518532932 3.4743054414204476E-4 0.0014636732711749 0.06104312882655342 2.079002032629375E-4 2.079002032629375E-4 
0.36652289503221125 0.0019502128627313048 0.0013924780098458183 0.22727509342846855 0.40017289782296944 4.629199217033394E-4 6.488315393318353E-4 8.347431569603301E-4 2.770083040748413E-4 4.6291992170333893E-4 
0.13796453971849434 1.1481056000848709E-4 0.010054785440637114 0.4703757927032377 0.29954692208034095 0.012520515643583743 0.015679732466109143 0.0015017837991659654 0.03787130429262891 0.01436981329579373 
3.625034527823422E-4 3.625034527823421E-4 3.625034527823422E-4 0.44293700594188457 0.5543085501537804 2.1691973485829538E-4 3.625034527823422E-4 6.536708886304358E-4 2.1691973485829538E-4 2.1691973485829538E-4 
0.33738503605787074 4.7610852346210584E-4 2.849002785504096E-4 2.849002785504096E-4 0.657850054529874 2.849002785504096E-4 0.0016233579929322832 0.0010497332581971945 2.849002785504096E-4 4.7610852346210584E-4 
3.625034527823422E-4 0.061362081262957995 2.1691973485829538E-4 0.5499410386160593 0.3750949933892791 0.0045844312725797035 2.1691973485829538E-4 0.006040268451820158 0.0019639243499468607 2.1691973485829538E-4 
1.536098276010122E-4 6.690790592602752E-4 2.5670367393286546E-4 0.18541325168593953 0.696758729491927 0.11582490541193921 2.567036739328654E-4 1.536098276010122E-4 2.56703673932865E-4 2.567036739328645E-4 
8.364135799366219E-4 0.07576745692212415 2.780600527966269E-4 0.3491373438098664 0.5684586092704573 7.247428745086212E-4 0.001394767107076619 1.6638934736862662E-4 2.780600527966273E-4 0.0029581569830686065 
3.0211479689298766E-4 5.048764100780745E-4 0.0023297309287438504 7.076380232631606E-4 0.992617449724704 0.00192420770237368 5.048764100780742E-4 3.0211479689298766E-4 3.0211479689298766E-4 5.048764100780742E-4 
7.128812890006876E-4 4.931952203846902E-4 1.6366611746069384E-4 9.325673576166838E-4 0.9961104581880776 2.7350915176869176E-4 4.931952203846882E-4 4.931952203846902E-4 1.6366611746069384E-4 1.6366611746069384E-4 
0.5847019946162072 6.09384508020646E-5 1.0183674084511482E-4 0.014416238255912742 0.3995145373012754 6.09384508020646E-5 2.2453161097426674E-4 5.108196412756186E-4 1.01836740845115E-4 3.063281910603676E-4 
0.4192945839698167 1.426533491697782E-4 2.3839385410825403E-4 0.0011957989034930105 0.22139896026198724 1.426533491697782E-4 0.3530421545523916 2.3839385410825373E-4 0.00263190647757015 0.001674501428185385 
3.0379790621411234E-4 9.131346866703261E-4 0.01780046831645678 0.24308098086226818 0.3840989214821351 0.1548141958076112 0.17875242646839104 0.019628478657825438 2.1674979472036563E-4 3.908460177078574E-4 
0.48715303458659764 5.125576512863741E-5 5.125576512863741E-5 0.06802534580405682 0.44425643019462246 1.8885513767707518E-4 8.56556082657468E-5 5.125576512863741E-5 5.125576512863741E-5 8.565560826574689E-5 
9.491993285602032E-4 5.491153109031648E-4 6.491363153174247E-4 0.6542864001624944 0.2787075285869551 0.06396243210954283 1.4903129324613564E-4 1.4903129324613564E-4 1.4903129324613564E-4 4.4909430648890937E-4 
0.08825911592222106 2.4330899700794197E-4 2.4330899700794197E-4 0.003509201647294128 0.9052221623913145 4.0660362952225026E-4 4.0660362952225156E-4 8.964875270651846E-4 2.4330899700794197E-4 5.69898262036564E-4 
0.24370311884595908 0.0010598560439275073 0.003185641825672451 0.013510887051290815 0.7299006954993421 4.5248867771465823E-4 7.561723608210819E-4 0.005311427607417406 0.0016672234101403531 4.5248867771465823E-4 
0.0035257511836086102 0.0015358454326611227 2.695417729672515E-4 0.002621248569541572 0.9879863963341852 4.50442295780662E-4 8.122433414074841E-4 0.0013549449098477146 2.695417729672515E-4 0.001174044387034304 
3.625034527823422E-4 2.1691973485829538E-4 2.1691973485829538E-4 0.6099215304007669 0.387615193130747 3.6250345278234224E-4 6.536708886304358E-4 2.1691973485829538E-4 2.1691973485829538E-4 2.1691973485829538E-4 
0.4438085513505267 4.923682804821596E-5 1.814162351589391E-4 0.07373925629227693 0.4804883368237524 0.0011397169367116913 1.483713833812585E-4 3.1359564226966276E-4 4.923682804821596E-5 8.228167982589712E-5 
2.3201855631093234E-4 8.54887177779256E-4 2.3201855631093234E-4 2.3201855631093234E-4 0.6458353447082309 3.877357116780138E-4 0.3490384465785733 8.548871777792572E-4 2.3201855631093234E-4 0.0021006244207159163 
0.13856397145183197 2.2675736455758338E-4 3.789435186689974E-4 5.311296727804101E-4 0.8472948911486833 2.2675736455758338E-4 9.876881351146502E-4 0.010575415844133663 2.2675736455758338E-4 9.876881351146467E-4 
0.8261736141553746 1.9812115690233408E-4 1.9812115690233408E-4 1.0987119771664252E-4 0.0949344523427413 1.5399617730948837E-4 0.010302741483663926 0.06691509030128447 6.574621812379702E-5 9.482458099807075E-4 
4.580131099618515E-4 1.051524687352008E-4 1.051524687352008E-4 5.285852382071814E-4 0.9981361901141941 2.46296725225861E-4 1.051524687352008E-4 1.051524687352008E-4 1.051524687352008E-4 1.051524687352008E-4 
1.6366611746069384E-4 4.931952203846888E-4 2.7350915176869176E-4 0.2532420171630878 0.016090906092120383 8.227243233086853E-4 0.002250683769312653 4.931952203846907E-4 1.6366611746069384E-4 0.7260064368247109 
0.36856817055735047 1.6731942234745104E-4 1.3005451731659903E-4 5.027035676251193E-4 0.6104546691126108 2.0458432737830316E-4 0.0021796242940134596 0.01749550026169368 5.5524707254895585E-5 2.418492324091552E-4 
8.049078546470111E-4 0.0010355404799558948 3.4364260402923403E-4 3.4364260402923403E-4 0.9948315229359569 3.4364260402923403E-4 5.742752293381231E-4 0.001035540479955895 3.4364260402923403E-4 3.4364260402923403E-4 
0.0032442108091484236 3.262067239003949E-4 3.2620672390039465E-4 0.670378338836455 0.3247037354840113 1.0844522500128576E-4 1.9554982456092954E-4 2.3910212434075152E-4 6.489292522146411E-5 4.1331132346003754E-4 
0.0021547156353913144 5.84795308642671E-4 0.013536638004318906 0.0017622355537041477 0.9786451588730398 5.84795308642671E-4 9.772753903298276E-4 5.84795308642671E-4 5.84795308642671E-4 5.84795308642671E-4 
1.794995614700002E-4 6.12028631038265E-4 0.0035676439397547693 0.0024863212658340944 0.9919686560815089 1.7949956146999968E-4 5.399404527768874E-4 1.7949956147000006E-4 1.0741138320862142E-4 1.7949956146999998E-4 
4.167433709074125E-4 2.4937655304339135E-4 2.4937655304339135E-4 5.841101887714324E-4 0.9952451087546493 5.841101887714333E-4 7.514770066354539E-4 0.0010862106423634916 4.167433709074125E-4 4.167433709074125E-4 
6.810653856173303E-4 3.088985059731264E-4 3.088985059731264E-4 0.07598283070029428 0.4407063727516117 6.810653856173286E-4 0.0011772878918095968 0.007504124845761047 1.848428794250591E-4 0.4724646131479169 
0.005213643245966698 4.900706502507661E-4 8.837016998937629E-4 0.0012773327495367575 0.9812218308357735 2.932551254292685E-4 0.007969060593467671 2.932551254292685E-4 2.932551254292685E-4 0.0020645948488227494 
0.6565878412172919 1.3933859945711096E-4 5.9488398433168156E-5 0.011318366742809087 0.3291620919186135 0.0012173163132803407 4.188143030409082E-4 6.583649061127408E-4 2.1918880048105347E-4 2.191888004810538E-4 
0.04396623844677119 6.488315393318329E-4 0.001020654774588825 8.347431569603306E-4 0.9333674171814952 0.001206566392217323 0.017566788743524953 6.488315393318344E-4 2.770083040748413E-4 4.629199217033371E-4 
1.6638934736862662E-4 1.6638934736862662E-4 2.780600527966265E-4 0.5481345408825612 0.44941763728420975 0.00117142569622062 1.6638934736862662E-4 1.6638934736862662E-4 1.6638934736862662E-4 1.6638934736862662E-4 
0.5964088851849444 0.0031753716578537465 6.618133538471555E-5 1.5501534459811593E-4 0.3025459827070146 6.618133538471555E-5 1.994323492048167E-4 0.09529623921215061 0.0019761125334728357 1.1059833999141598E-4 
0.5122340734935114 1.7408566126395788E-4 1.353137987794992E-4 0.0013372415357977214 0.44353033317105006 5.77700738105819E-5 0.039139807458145034 0.002500397410331485 9.65419362950403E-5 7.944354610152984E-4 
0.14965063221442368 1.468428748430363E-4 1.468428748430363E-4 3.4394740923932016E-4 0.8452325340989062 1.468428748430363E-4 0.0010338132796263125 0.0017236791500133011 1.468428748430363E-4 0.0014280223484188787 
0.0037066517064220207 4.5044229578066153E-4 2.695417729672515E-4 2.695417729672515E-4 0.8608133287963569 2.695417729672515E-4 0.002259447523914756 0.1312415202898758 2.695417729672515E-4 4.50442295780662E-4 
0.09311694330450344 7.706963674200656E-4 5.990490682805056E-4 0.06822808492926727 0.7726686005980236 4.274017691409486E-4 0.058272541579172846 0.005405173444188192 2.5575447000138814E-4 2.5575447000138814E-4 
0.005859923478165055 1.9193857537258294E-4 1.9193857537258294E-4 0.9100323333122643 0.07889963802096808 7.072099301719E-4 3.207564140724135E-4 5.783920914720717E-4 1.9193857537258294E-4 0.0030259310267688193 
0.9561349165921199 6.67316768373802E-4 2.849002785504096E-4 2.849002785504096E-4 0.0064035641157247115 6.673167683738021E-4 0.017493642320603048 0.011183770238517065 0.006021147625901312 8.585250132854983E-4 
1.2180267693976657E-4 0.03061334597494389 0.0012662573851758463 0.011321109464678559 0.8900170850953663 0.06429301310303434 2.0354944181377136E-4 4.487897364357901E-4 4.48789736435789E-4 0.001266257385175845 
0.0021562820826818976 6.681646999089911E-4 2.2172948507712128E-4 3.705412233544112E-4 0.8514248724311749 0.1420393160633342 3.7054122335441114E-4 5.193529616317011E-4 2.2172948507712128E-4 0.002007470344404605 
2.0354944181377233E-4 1.2180267693976657E-4 3.670429715617831E-4 2.0354944181377152E-4 0.9979228147290512 1.2180267693976657E-4 2.0354944181377182E-4 1.2180267693976657E-4 2.852962066877772E-4 4.487897364357886E-4 
0.0012345678739804986 0.0020631369354404 0.02443450159485754 0.1064628386793874 0.8422321652557736 0.016977380041718473 0.0028917059969002915 0.0012345678739804986 0.0012345678739804986 0.0012345678739804986 
0.42270314079715743 0.004993033610724887 4.5228402426882224E-5 0.0012594137296165675 0.5453662134764953 7.558303560662443E-5 0.024632481278018058 5.91611799662241E-4 1.970015683255934E-4 1.3629230196610917E-4 
1.1223344306098157E-4 0.009829088797743992 1.875579031748022E-4 0.0012421003447683101 0.9870133098543559 1.1223344306098157E-4 0.0010914514245406687 1.1223344306098157E-4 1.1223344306098157E-4 1.875579031748031E-4 
2.1691973485829538E-4 2.1691973485829538E-4 0.001236005760326623 3.6250345278234224E-4 0.9946992968740216 0.0012360057603266231 9.448383244785295E-4 5.080871707063891E-4 2.1691973485829538E-4 3.6250345278234224E-4 
0.03645951363457358 0.003919346863070178 4.3290042326624156E-4 0.0015950492365342166 0.800572358358267 7.234376265832353E-4 0.13669484877893628 7.234376265832353E-4 4.3290042326624156E-4 0.0184462070289198 
2.4330899700794197E-4 2.4330899700794197E-4 2.4330899700794197E-4 2.4330899700794197E-4 0.9963405673342997 2.4330899700794197E-4 2.4330899700794197E-4 0.0012230767920938062 5.698982620365626E-4 4.0660362952225156E-4 
1.8148819921757272E-4 0.0039574172606260645 1.8148819921757272E-4 0.0013995298319299835 0.9866734065330033 6.687048523025377E-4 0.004810046403524766 3.0329236248881455E-4 0.001643138158472466 1.8148819921757272E-4 
4.0314661909346015E-4 8.652057857875291E-4 1.7211703574642525E-4 0.47620857352231105 0.2519943628840141 0.2660871674681827 0.0012117501608080812 1.7211703574642525E-4 1.7211703574642525E-4 0.0027134424525638097 
0.48646387621702786 8.654277147928128E-5 5.178663789020384E-5 0.08423114219063561 0.3963759779541395 4.341041073700533E-4 0.03213169794060861 1.212989050683586E-4 5.178663789020384E-5 5.178663789020384E-5 
0.0011478391701850669 3.1152647280931184E-4 0.001147839170185071 3.1152647280931184E-4 0.9932237764321814 7.296828214971923E-4 5.20604647153252E-4 0.001984151867560826 3.1152647280931184E-4 3.1152647280931184E-4 
1.1350737544536101E-4 0.0013323785484112484 9.514813068594046E-4 0.2522674812827637 0.7423298722633617 0.0019418141348941898 5.705840653075671E-4 1.1350737544536101E-4 1.1350737544536101E-4 2.658662720660972E-4 
2.3752968591481062E-4 5.563614862154989E-4 3.9694558606515447E-4 3.969455860651545E-4 0.9970651533260145 2.3752968591481062E-4 2.3752968591481062E-4 3.9694558606515496E-4 2.3752968591481062E-4 2.3752968591481062E-4 
3.5538962312486324E-4 5.04795546521729E-5 8.435845114913813E-5 0.056560478911590766 0.9163052353150867 0.025730683099352107 1.5211624414307E-4 6.602996915975557E-4 5.04795546521729E-5 5.04795546521729E-5 
4.739336387460611E-4 7.920099134704304E-4 4.739336387460611E-4 7.920099134704297E-4 0.994144215877662 4.739336387460611E-4 4.739336387460611E-4 4.739336387460611E-4 0.0014281624629191607 4.739336387460611E-4 
1.6638934736862662E-4 0.003963193331920615 6.130721690806235E-4 0.03880445342545641 0.926139878756338 6.130721690806222E-4 0.02640900512294848 0.001618108517932617 1.6638934736862662E-4 0.001506437812504615 
3.088985059731256E-4 9.291766387134605E-4 3.088985059731263E-4 6.810653856173326E-4 0.6323723157683755 0.020902132512952334 0.3094555198637569 0.032191194528826364 3.088985059731264E-4 0.0025418997838383326 
0.004821858275371021 4.558884714889705E-4 1.5128592703208396E-4 0.6157530282744028 0.37653849669426015 8.620251974314879E-4 9.635593789171177E-4 1.5128592703208396E-4 1.5128592703208396E-4 1.5128592703208396E-4 
0.5681497894029186 4.495742527722407E-4 3.2075641407241324E-4 0.05609888057109835 0.37118731403087957 1.9193857537258294E-4 3.207564140724127E-4 0.0026394775106693335 3.207564140724129E-4 3.207564140724132E-4 
3.9694558606515447E-4 0.0011940250868168738 2.3752968591481062E-4 2.3752968591481062E-4 0.9887755265181968 3.969455860651545E-4 0.005498254390876166 0.0027881840883202873 2.3752968591481062E-4 2.3752968591481062E-4 
0.4104509383308313 8.253691581645209E-5 1.1930168928133419E-4 0.31475223300174304 0.2741271583230484 4.577214235156945E-5 2.479783964084211E-4 2.7389755619128487E-5 4.577214235156948E-5 1.0091930254889288E-4 
4.3290042326624156E-4 4.3290042326624156E-4 0.0010139748299002292 0.0013045120332172229 0.9937795985640661 0.0013045120332172229 4.3290042326624156E-4 4.3290042326624156E-4 4.3290042326624156E-4 4.3290042326624156E-4 
3.215434011961827E-4 3.215434011961827E-4 5.373443464198318E-4 3.215434011961827E-4 0.9955955027726682 5.373443464198324E-4 7.531452916434808E-4 3.215434011961827E-4 3.215434011961827E-4 9.689462368671312E-4 
6.126166913884321E-4 2.3504091663827085E-4 3.294348603258105E-4 0.36053672397198083 0.6369221910891001 2.350409166382711E-4 4.2382880401335064E-4 1.4064697295073064E-4 1.4064697295073064E-4 4.2382880401335156E-4 
0.001390735983583242 0.014174372928732915 2.567036739328656E-4 0.5974793554743532 0.36335323045471696 0.014071279082401043 0.0020092990615743515 0.006957803685503272 1.536098276010122E-4 1.536098276010122E-4 
0.028074641588331832 9.123131788450177E-4 0.051704649262952644 0.19263206616777875 0.22978233596550746 3.0329236248881423E-4 0.40725100185170676 3.032923624888149E-4 0.08848950657086749 5.469006890312964E-4 
2.1397450925651754E-4 2.1397450925651673E-4 0.001502977594307459 1.280409702531214E-4 0.9949806220125691 2.139745092565167E-4 5.577086652701025E-4 0.0018467117503210425 1.280409702531214E-4 2.1397450925651692E-4 
0.9385908276039361 3.348997745041316E-4 6.662225034398052E-5 1.560480917306973E-4 0.058506409596563426 6.662225034398052E-5 3.3489977450413194E-4 0.0017210003159982433 6.662225034398052E-5 1.560480917306973E-4 
3.705412233544112E-4 3.705412233544112E-4 9.657881764635707E-4 2.2172948507712128E-4 0.9953258233453167 0.0018586586061273142 2.2172948507712128E-4 2.2172948507712128E-4 2.2172948507712128E-4 2.2172948507712128E-4 
2.4330899700794197E-4 2.4330899700794197E-4 0.0017129606896367357 0.45861134246467644 0.49159685823256744 0.046129100733529056 2.4330899700794197E-4 2.4330899700794197E-4 4.066036295222499E-4 5.698982620365646E-4 
0.2886602297350356 6.196369914987427E-4 2.063337127276633E-4 0.0017005840282846329 0.6902320539009973 0.01734252350177471 7.78599791026081E-4 3.6529651225500115E-4 4.7370913200324274E-5 4.7370913200324274E-5 
8.643106483527948E-4 3.690036818194612E-4 3.690036818194612E-4 6.166571650861268E-4 0.9951930459640244 6.166571650861271E-4 3.690036818194612E-4 8.643106483527955E-4 3.690036818194612E-4 3.690036818194612E-4 
2.5911390099302476E-4 1.393385994571111E-4 4.587394035528825E-4 0.08985103944985681 0.8937828633589143 0.014712000286326653 4.5873940355288187E-4 5.9488398433168156E-5 9.941349894513959E-5 1.7926369996908238E-4 
