4.3290042326624156E-4 0.9914553009375301 4.3290042326624156E-4 4.3290042326624156E-4 0.0015950492365342166 4.3290042326624156E-4 4.3290042326624156E-4 4.3290042326624156E-4 0.0030477352531191916 0.0013045120332172229 
1.3315578930466292E-4 0.9365132843259193 1.3315578930466292E-4 3.118883963931566E-4 8.480862176586346E-4 5.799873070258939E-4 0.0017417492531011055 8.480862176586315E-4 8.480862176586347E-4 0.058042520485976266 
0.0030450939972877155 0.9770314494936427 0.004154417864595665 8.264462626718894E-4 0.005263741731903579 8.264462626718894E-4 0.003045093997287717 0.004154417864595638 8.264462626718894E-4 8.264462626718894E-4 
1.6103059221968602E-4 0.7182061840294277 5.933274937472043E-4 5.933274937472035E-4 3.771790429834455E-4 0.2015033124786612 3.7717904298344634E-4 1.6103059221968602E-4 0.002538663550621028 0.07548876568338958 
6.211179986255203E-4 0.5971445246427824 0.0010379757251413528 6.211179986255203E-4 6.211179986255203E-4 0.0018716911781730178 0.04314060610324061 0.005623410716815509 0.0068739838963630066 0.342444453741608 
0.07344097064442785 0.9153526476083845 0.0010723924543344814 3.558718781949478E-4 0.007282237447543808 3.558718781949478E-4 5.94712070241457E-4 8.335522622879698E-4 3.558718781949478E-4 3.558718781949478E-4 
0.0074672790851931636 0.7475060759918042 0.11962139624217596 0.0014470779654346512 0.12185110036060498 5.551963180630127E-4 5.551963180630127E-4 3.3222590622010456E-4 3.3222590622010456E-4 3.3222590622010456E-4 
0.17905451370471095 0.7691711764991888 3.543542900033427E-4 6.589568344602293E-4 0.03477444181363169 0.005126460819827906 9.635593789171187E-4 0.005735665908741683 4.558884714889709E-4 0.0037049822790291005 
5.370151360903221E-4 0.20628189967366442 7.627764894472219E-5 1.2747070307201063E-4 0.5358627821451505 0.07236087007667698 7.627764894472219E-5 0.18432007945305748 1.7866375719929948E-4 1.7866375719929997E-4 
2.9321983614583063E-4 0.9966539238696382 1.427735371992536E-4 1.4277353719925373E-4 1.277289073045963E-4 3.7461127936649785E-5 1.277289073045963E-4 0.002068486163715432 1.8790742688322686E-4 2.179966866725427E-4 
0.021760239398887608 0.80906257568099 7.133588689899011E-4 2.166773225616392E-4 0.13581073949747793 9.25069359545733E-5 4.0293290247223604E-4 0.0017688071551499724 0.030079655301561044 9.25069359545733E-5 
1.3140604174476098E-4 0.9594837241960208 3.077899943379352E-4 3.959819706345223E-4 0.002512589401752612 6.605578995242836E-4 1.3140604174476098E-4 0.035937348418159126 2.1959801804134806E-4 2.1959801804134806E-4 
2.1231422031756106E-4 0.9940993744991761 3.5480698881632216E-4 3.5480698881632216E-4 2.1231422031756106E-4 3.5480698881632216E-4 2.1231422031756106E-4 0.003774633432786584 2.1231422031756106E-4 2.1231422031756106E-4 
0.001013974829900229 0.9934890613607492 0.0010139748299002292 7.234376265832353E-4 7.234376265832353E-4 4.3290042326624156E-4 4.3290042326624156E-4 0.0013045120332172227 4.3290042326624156E-4 4.3290042326624156E-4 
1.5178391619250734E-4 0.424354308780183 3.9561350369875237E-4 3.346561068221915E-4 0.37211381965697005 2.1274131306906846E-4 9.082651931594527E-5 0.2020426823713636 1.5178391619250715E-4 1.517839161925074E-4 
0.0013534409869672176 0.9120964785458818 3.9694558606515496E-4 2.3752968591481062E-4 8.751932865161861E-4 0.0018316886874182492 5.563614862154989E-4 0.0821773023631915 2.3752968591481062E-4 2.3752968591481062E-4 
0.43797937530577313 0.5184417858271523 0.0013962959953287691 6.512736756863705E-4 7.133588689899013E-4 0.005493918753361946 0.031259273974328226 0.001768807155149967 9.25069359545733E-5 0.0022034035082747045 
0.03581531600307692 0.9429850833483275 1.0857763058333605E-4 1.8144852522107875E-4 0.0036063805731949552 0.004407960414210115 4.000612091343034E-4 0.004335089519572369 0.007832892462183993 3.2719031449656094E-4 
0.0019470111537969114 0.4783868351730227 0.009865324808586352 0.0012445801037752739 0.4722565278273795 0.03457812629571149 9.514747646712865E-5 0.0013084374719590612 9.514747646712865E-5 2.2286221283470016E-4 
2.2172948507712128E-4 0.6773151386467454 2.2172948507712128E-4 0.0012634116530181507 0.31853003766020016 3.705412233544112E-4 6.68164699908991E-4 8.169764381862808E-4 3.705412233544112E-4 2.2172948507712128E-4 
0.0016568561700946438 0.8845276597191127 1.8344027632124843E-4 0.04902717715490929 0.06066716271571917 0.0015831853754059734 7.728066338306068E-4 1.0976948163257863E-4 1.0976948163257863E-4 0.0013621729913399637 
0.00569508207884017 0.9474128281258961 2.214124023871929E-4 0.0021939059794873787 0.04391214513515626 1.7210006295968823E-4 7.347538410467901E-5 7.347538410467901E-5 1.2278772353218362E-4 1.2278772353218327E-4 
2.735091517686917E-4 0.9006568613744275 1.6366611746069384E-4 0.007413306381788546 1.6366611746069384E-4 4.93195220384688E-4 0.03827919902233594 2.7350915176869176E-4 0.016420435195044405 0.03586265226755995 
0.23330284304708576 0.6476871696340528 0.0015411778435432393 5.839245223721139E-4 0.01387910953863774 0.002604792644844486 5.83924522372114E-4 0.0328114530018 0.04025675661090879 0.026748848634382948 
4.7378375262375366E-4 0.6878713889135727 3.4727273667437507E-4 1.575062127503094E-4 0.30890764063720916 0.0014858718802187836 1.5750621275030936E-4 1.5750621275030936E-4 2.840172286996868E-4 1.5750621275030928E-4 
3.2719031449656127E-4 0.9168973030680144 0.0018574791018891445 0.06649396264556623 0.012278017035086254 9.83028366236238E-4 1.8144852522107915E-4 6.18673893047528E-4 1.0857763058333605E-4 2.543194198588204E-4 
0.3883200865779568 0.39269989309375075 3.2075641407241286E-4 3.2075641407241335E-4 0.2148024578492874 0.0012224812849712164 0.0010936634462713863 1.9193857537258294E-4 1.9193857537258294E-4 8.36027768871729E-4 
0.08623806181400621 0.8250451502173891 1.1750881053754687E-4 0.07243669114037339 0.007767411412494021 0.0017736732913734815 1.1750881053754687E-4 5.118336869270553E-4 0.005007137277767451 9.850235385944635E-4 
1.2862613162392287E-4 0.9723063144850183 0.0010868723935538796 9.025942662596512E-4 2.0233738254161107E-4 5.491488070623482E-5 9.177050616507911E-5 0.0022662524082368955 0.022868547039730805 9.177050616507909E-5 
3.1152647280931184E-4 0.6398816617909222 5.20604647153252E-4 3.1152647280931184E-4 0.002402308216248712 0.0015659955188729487 0.0030295427392805305 0.00637479352878357 0.03961822324947005 0.30598381736365 
0.009629149003406955 0.6615077353934596 0.045315192923982395 9.103996364482476E-4 0.17812404956021355 0.0734990571567095 0.018753421596735802 0.004357347060594722 7.076380232631606E-4 0.007196009645185926 
1.1890606155467687E-4 0.9972539881651645 1.1890606155467687E-4 1.1890606155467687E-4 1.1890606155467687E-4 2.7851151687338156E-4 0.0013159469764449639 1.987087892140289E-4 1.1890606155467687E-4 3.583142445327353E-4 
2.0528324775536893E-4 0.47247439842149835 1.464628323644444E-4 0.08408319559521557 0.20860601497780534 0.2273697274875106 8.76424169735188E-5 2.641036631462945E-4 0.006616708525366308 1.4646283236444433E-4 
6.617870563272258E-4 0.8151509482682207 1.940930217524926E-4 1.1614401599003734E-4 0.1826727155116598 2.7204202751494584E-4 2.720420275149459E-4 1.1614401599003734E-4 1.9409302175249244E-4 3.4999103327740136E-4 
0.3115720072209703 0.26475968030185304 2.4539514204117866E-4 3.4394740923932086E-4 0.1960687500647484 0.008523785586685043 0.16896687658525963 4.424996764374633E-4 0.04824034926753598 8.367087452300296E-4 
6.452826157936493E-4 0.8828841430036473 2.926691624012243E-4 1.7513134460374785E-4 0.0786903936333176 0.03578909013723906 4.102069801987014E-4 2.9266916240122475E-4 1.7513134460374785E-4 6.452826157936502E-4 
1.6638934736862662E-4 0.11005036348851967 5.014014636526256E-4 2.780600527966271E-4 0.876223073430022 0.0013947671070766179 6.130721690806237E-4 1.6638934736862662E-4 0.0016181085179326161 0.008988375076180584 
0.09627632113695897 0.41075692836075683 2.7350915176869176E-4 1.6366611746069384E-4 7.128812890006864E-4 0.010379068308104474 1.6366611746069384E-4 0.4778710223229439 2.7350915176869176E-4 0.003129428043776646 
2.3523987482379293E-4 0.8346819022599103 0.0912400651754388 1.3045596543908883E-4 0.07295527298780803 7.806401074673765E-5 1.8284792013143982E-4 3.4002378420849725E-4 7.806401074673765E-5 7.806401074673765E-5 
7.806401074673765E-5 0.9312402747579147 1.3045596543908883E-4 2.8763182951614566E-4 0.06771607751857285 1.8284792013144056E-4 7.806401074673765E-5 7.806401074673765E-5 7.806401074673765E-5 1.3045596543908883E-4 
0.0988419263302347 0.7408617151825105 0.00206489275746034 0.006399203568277387 0.14760292295192665 3.040789905659097E-4 2.3635538414689317E-4 0.003013023247326572 3.040789905659099E-4 3.718025969849257E-4 
0.0018092915319517992 0.6379393421619619 0.007209276103531172 0.011956515287337236 0.23857784582427785 4.4446026660755833E-4 9.785246747857422E-4 1.4775781761968202E-4 0.004598294552437805 0.09633869177948959 
5.230848715243561E-4 0.7132873335384874 0.0015706513745622204 1.0405827030921106E-4 0.28322636515800953 5.929226383935471E-4 1.0405827030921106E-4 1.7389603717840122E-4 2.437338040475922E-4 1.7389603717840133E-4 
7.633587616938007E-4 0.9900558431766098 7.633587616938007E-4 7.633587616938007E-4 7.633587616938007E-4 0.0017880014177423984 7.633587616938007E-4 7.633587616938007E-4 0.002812644073790991 7.633587616938007E-4 
9.699320830940244E-5 0.9381970980333914 1.620893227237435E-4 9.699320830940244E-5 3.573776659667697E-4 0.02073246147765584 9.699320830940244E-5 9.699320830940244E-5 0.039675430772229334 4.875698947954535E-4 
1.0405827030921106E-4 0.8494709789334101 7.325981721319294E-4 2.4373380404759187E-4 0.14005894307616792 2.4373380404759293E-4 0.0012214625402162658 0.0077163748590510384 1.0405827030921106E-4 1.0405827030921106E-4 
3.3078186569858757E-4 0.6553378174426634 0.007992544513320226 4.044526603872577E-4 1.0976948163257863E-4 1.0976948163257863E-4 1.0976948163257863E-4 0.15363970561282048 0.18126625362107174 6.991358391419354E-4 
1.2845049325705513E-4 0.6069925560703866 0.38754339718522 2.8321012575717377E-4 0.0035331624082596508 3.3479666992388134E-4 1.8003703742376057E-4 3.347966699238804E-4 5.927293907574097E-4 7.686394909034906E-5 
0.0036391190473947 0.6533271664831588 2.932551254292685E-4 2.932551254292685E-4 0.13983546222387105 0.10086598830921459 4.900706502507669E-4 0.09889783306099958 6.868861750722648E-4 0.001670963799179754 
0.008174783980831686 0.8426882581291073 0.1416504183523094 1.0193679690836297E-4 5.124205520231088E-4 0.0058487093685147965 1.7035075609415364E-4 5.124205520231088E-4 1.7035075609415345E-4 1.7035075609415372E-4 
0.01555374776639445 0.9461121280125477 0.025647225421646557 3.3820682340244597E-4 0.0028239140071585666 0.0028992384672723885 1.875579031748025E-4 6.395046638577328E-4 0.005686243491483799 1.1223344306098157E-4 
6.326828269012938E-4 0.973341493970559 0.016953929995560422 1.6368147148004687E-4 3.0438187810641977E-4 0.008136704513641183 1.1678133593792263E-4 6.988120039579851E-5 6.988120039579851E-5 2.1058160702217091E-4 
0.003510948941955822 0.2124570306125524 7.867820437968891E-5 7.123281867014372E-4 0.6003036239586556 0.0753774177702807 1.3148236957316793E-4 5.539156911209996E-4 0.010481098747495048 0.09639347551728546 
8.920606402035643E-5 0.9961437834327245 8.920606402035643E-5 8.920606402035643E-5 0.0010471235514218867 0.0012267330803096726 1.4907590698295207E-4 3.28685435870741E-4 1.4907590698295205E-4 6.879044936463101E-4 
9.990009766938956E-5 0.9870324306763985 1.669471445837054E-4 9.990009766938956E-5 9.990009766938956E-5 0.003988628818699708 4.3513533224096723E-4 9.990009766938956E-5 9.715117075554926E-4 0.007005745929843914 
0.003159650712963564 0.9903946446434073 0.001697844694601258 6.229873281584016E-4 4.940044441852556E-4 0.0024717419984401326 1.5005008692353758E-4 6.406149760810871E-5 1.930443815812522E-4 7.519702121315435E-4 
0.0034102891696748045 0.5724534481456588 1.848428794250591E-4 0.002914066663482536 0.3727238894032711 0.02561624632177876 0.01209418302803954 0.0020456772776460707 4.3295413252119355E-4 0.008124402978501389 
2.689186976926504E-4 0.22588323226731008 3.4597276653473304E-4 4.2302683537681705E-4 0.36172955563590165 0.39833023833589076 0.0014247297303238847 2.689186976926504E-4 0.0031199192448497087 0.00820548778842712 
0.002092380572490726 0.811529028967564 4.1751904758221E-4 1.782531154524249E-4 0.0014942157421662559 0.0049635717580481875 0.0046046728598535085 0.17352642094348383 2.9788608151731745E-4 8.960509118417869E-4 
0.018273632305075897 0.8651655505197436 0.07839517297506493 9.724695223451558E-4 0.001116645878867919 0.029879829005157718 0.004648966613675428 3.9576409625413357E-4 1.7949956146999984E-4 9.724695223451582E-4 
0.0026182178776000937 0.8276117579033526 0.0010817870064778843 2.437338040475924E-4 0.16163881303874789 0.0012913003070854569 2.4373380404759174E-4 0.002059515742646579 0.0028277311782076687 3.834093377859741E-4 
4.3290042326624156E-4 0.9844824080579229 4.3290042326624156E-4 4.3290042326624156E-4 4.3290042326624156E-4 4.3290042326624156E-4 0.00479095847302117 0.0015950492365342166 0.0027571980498022133 0.004209884066387184 
7.32598172131929E-4 0.7984195713520311 0.003735622147507154 1.738960371784013E-4 0.17805068825300788 0.007367186024705028 0.008484590294612128 8.024359390011197E-4 0.001361138073954648 8.72273705870311E-4 
0.0028141448956320583 0.4408877648695279 0.001473650342468361 3.118883963931579E-4 0.05598709550445865 0.22828532873776608 0.09083995388671474 4.906210034816479E-4 3.1188839639315606E-4 0.17859766396716423 
0.0028310300137117726 0.8784388650010262 1.62089322723744E-4 7.479543524528206E-4 0.10652914027575854 3.573776659667691E-4 0.00172439606866796 0.0034819911578551723 4.8756989479545304E-4 0.005239586247042406 
2.92281551552427E-4 0.6716285095066612 9.699320830940244E-5 4.2247378038111106E-4 0.0040027600731699226 0.008038719166859118 4.8756989479545337E-4 5.526660092097952E-4 0.27688567169809114 0.0375923551109704 
3.690036818194612E-4 0.6437727532086236 3.690036818194612E-4 6.166571650861273E-4 8.643106483527946E-4 0.16728745140355386 0.056833997866619815 0.12320513138208654 0.005817380313686164 8.643106483527957E-4 
8.920606402035643E-5 0.9294487783723928 8.920606402035643E-5 3.286854358707407E-4 0.058522172795513736 0.010626298425437164 1.4907590698295207E-4 2.0894574994554773E-4 8.920606402035643E-5 4.484251217959304E-4 
7.24112945448547E-5 0.8982154746470963 1.6960766523394668E-4 2.6680403592303835E-4 0.0017247495962594132 0.0973659783543256 2.6680403592303846E-4 5.097949626457676E-4 1.2100947988940063E-4 0.0012873659281585007 
9.699320830940244E-5 0.9461388239919408 0.0021149727551540132 2.922815515524272E-4 0.0500257129641097 1.6208932272374367E-4 1.6208932272374367E-4 1.620893227237437E-4 3.573776659667696E-4 4.8756989479545283E-4 
0.005743631565356048 0.7647632467727362 0.016125922344939196 5.524861755645023E-4 0.16518595425181112 0.01649671844421009 0.002777262771189459 5.524861755645023E-4 0.012047165252960136 0.015755126245668404 
1.5178391619250728E-4 0.8161274985058422 4.565709005753137E-4 0.026241549779360718 0.04727185170177443 0.0010051874724643604 0.017219855041629636 0.08774756322781117 0.0027119945850080968 0.0010661448693409243 
6.402838763941348E-4 0.9932088766225591 3.8314175392103333E-4 3.8314175392103333E-4 3.8314175392103333E-4 3.8314175392103333E-4 0.00244027873370582 0.0014117102438134402 3.8314175392103333E-4 3.8314175392103333E-4 
4.8696088502114934E-4 0.7065104857333006 4.869608850211491E-4 4.86960885021149E-4 0.0014636732711748959 0.2884775844594971 2.079002032629375E-4 9.055519076584687E-4 4.869608850211486E-4 4.8696088502115005E-4 
2.7369870994563045E-4 0.9844918286789045 2.127413130690684E-4 0.0023462502037487195 9.082651931594527E-5 0.0030167815693909004 9.082651931594527E-5 0.0036873129350330713 0.0025900797912549777 0.0031996537600205784 
0.0013569173445290084 0.5938844634352551 3.1152647280931184E-4 5.20604647153252E-4 0.00658387170312751 0.08415187438472994 0.031255096275712456 0.004702168134032047 0.27587656025812246 0.0013569173445290076 
8.539709459157514E-5 0.976134090652274 0.005415551439915376 3.146510449280835E-4 0.005816745853004253 0.005816745853004254 6.012184828487175E-4 8.539709459157514E-5 0.003237638911718563 0.002492563573124904 
2.4184383752527152E-4 0.4106964908462081 7.274740398545222E-4 1.4471779705942133E-4 0.0013102302826496321 0.10436095921691675 3.3896987799112143E-4 1.4471779705942133E-4 2.4184383752527152E-4 0.4817927524672105 
1.403140988477697E-4 0.7817856519098532 8.39630543801027E-5 2.530161877831036E-4 0.1891980682878696 0.001492739166071772 1.4031409884776978E-4 0.011297820903445768 0.015129691927247122 4.7842036565377057E-4 
3.403545656459575E-4 0.9689156495153544 0.0012971746425084957 2.03665983237022E-4 0.0032108147962335762 0.011002063993542852 6.13731730463827E-4 0.004441012037913995 0.00198061755455316 0.007994915180546286 
0.0010733098992904793 0.2662642112637707 1.280409702531214E-4 1.280409702531214E-4 0.6093108989653275 6.436422042734987E-4 5.577086652701023E-4 1.280409702531214E-4 0.12155213158205168 2.1397450925651673E-4 
0.0063154997543242615 0.7936181624592277 0.011678981500969354 1.7572459698053083E-4 2.4629672522586104E-4 0.15980987868791713 5.285852382071816E-4 4.5801310996185137E-4 8.814458794338335E-4 0.026287412047752673 
4.444602666075587E-4 0.9521472356401248 5.038007564051343E-4 3.851197768099809E-4 0.02240044149171051 0.012312558226122646 2.0709830741725752E-4 5.03800756405134E-4 0.010473003042397825 6.224817360002878E-4 
9.25069359545733E-5 0.6007046669543337 5.271032890793045E-4 9.25069359545733E-5 0.08409377347563483 0.2891611669572046 9.25069359545733E-5 2.787625158651711E-4 9.25069359545733E-5 0.024864499064064245 
4.975124267460005E-4 0.7294033190455834 4.975124267460005E-4 4.975124267460005E-4 8.314133917569199E-4 0.00283481918182244 4.975124267460005E-4 4.975124267460005E-4 0.26294367092532916 0.0014992153217787615 
0.028767385695754696 0.8990613604981991 3.7559263365152573E-4 3.7559263365152573E-4 6.492484703946923E-4 0.035471953695962184 2.3876471527994447E-4 3.071786744657349E-4 0.007422230429787996 0.027330692552853083 
2.5219464312757655E-4 0.7988226322980367 1.6032045563851703E-4 2.0625754938304676E-4 0.01306864379785145 0.09263169016337745 7.575026743174067E-4 1.1438336189398627E-4 0.0812852280084788 0.012701147047895213 
2.3897087997570415E-4 0.9041237113544592 9.840916693911624E-4 1.3252505291635157E-4 0.009073974525901881 0.005241924751765226 7.930213938667578E-5 7.930213938667578E-5 0.07975400369331129 2.9219379350537973E-4 
0.0014583811886323059 0.6796770328364279 0.007418559745771448 8.375292555969686E-4 0.10340226859303361 0.0886880777800963 8.375292555969668E-4 2.787625158651723E-4 0.02337445442477945 0.09402740440420018 
1.782531154524249E-4 0.990499946200646 8.96050911841789E-4 1.782531154524249E-4 0.0012549498100364637 0.004724305825918401 8.96050911841787E-4 1.782531154524249E-4 2.978860815173179E-4 8.960509118417874E-4 
0.0037735010302469684 0.7220276457652167 0.009995999808891508 0.00866260721346768 0.24556202500043467 0.005106893625670802 0.0011067158393992952 0.0019956442363485163 6.622516409246908E-4 0.0011067158393992952 
2.6288236328862394E-4 0.9934912134241443 0.0022213183262479947 3.3820682340244624E-4 0.0010914514245406637 1.8755790317480278E-4 9.408025043130196E-4 6.395046638577332E-4 1.1223344306098157E-4 7.148291239715544E-4 
0.013103733464342389 0.799752443446627 3.626731620079852E-4 1.9502763171411205E-4 0.0573621534619249 0.07898842686983455 3.626731620079855E-4 1.391457882828207E-4 1.3914578828282088E-4 0.049594577224975546 
1.2484394228166857E-4 0.8963200362185868 0.003141207715836925 1.2484394228166857E-4 0.08759939337538396 0.009341511028144907 1.2484394228166857E-4 7.113591204729678E-4 1.2484394228166857E-4 0.0023871167724481062 
5.193529616317011E-4 0.6445765562257415 3.7054122335441114E-4 3.705412233544112E-4 6.68164699908991E-4 0.0015610351295727305 8.16976438186281E-4 3.705412233544112E-4 0.3500781261749853 6.68164699908991E-4 
4.739336387460611E-4 0.9957345972512834 4.739336387460611E-4 4.739336387460611E-4 4.739336387460611E-4 4.739336387460611E-4 4.739336387460611E-4 4.739336387460611E-4 4.739336387460611E-4 4.739336387460611E-4 
0.027312337243733442 0.8298137364300022 0.027404844609633834 2.0767903490604025E-4 0.11019893709052293 0.004139242085674518 5.777084985077812E-4 1.6142535195582154E-4 1.1517166900560424E-4 6.891798605538663E-5 
2.1691973485829538E-4 0.3810639258241652 3.6250345278234224E-4 0.0015271731961747168 0.4925810537539847 0.12177932420143738 2.1691973485829538E-4 5.080871707063889E-4 0.0015271731961747168 2.1691973485829538E-4 
9.425070477561993E-5 0.9329864823154947 1.5750621275030928E-4 9.425070477561993E-5 0.06366603621933846 9.425070477561993E-5 9.425070477561993E-5 9.425070477561993E-5 0.002624471023763208 9.425070477561993E-5 
2.770083040748413E-4 0.8194035955752286 6.488315393318352E-4 4.629199217033371E-4 0.0010206547745888264 6.488315393318334E-4 2.770083040748413E-4 0.17670713343351763 2.770083040748413E-4 2.770083040748413E-4 
0.0014741482743582555 0.6552953217313738 0.0020645948488227494 0.009149953742396686 0.08590800842278079 0.12842016178422364 8.837016998937629E-4 0.09023794996885363 0.021942962855794043 0.004623196671502203 
0.13562880990825688 0.4885635011474814 3.9000592436116494E-4 3.900059243611661E-4 0.30986820648125973 0.06061353582344009 2.98131736872105E-4 6.84462681494562E-5 0.003973099236434503 2.0625754938304681E-4 
2.3504091663827155E-4 0.9654131151217413 2.3504091663827096E-4 0.028742011910275582 8.957985224510576E-4 4.2382880401335113E-4 0.0013677682408887626 3.294348603258116E-4 1.4064697295073064E-4 0.0022173137340766305 
6.177621236241371E-4 0.8218052454605476 0.010577467629018471 2.9228155155242757E-4 0.13777527519464267 0.02509390114341675 9.699320830940244E-5 0.0011385310389388753 0.0010083388101101952 0.0015942038398392717 
0.010028292618039987 0.9335088142555743 1.464628323644438E-4 2.0528324775536948E-4 0.052261350868724674 2.0528324775536912E-4 0.0023816386172196167 6.758465708827797E-4 4.993853247099984E-4 8.76424169735188E-5 
8.83374132402803E-4 0.6979018700908624 1.3869625210530612E-4 0.0026519840981093718 0.07106926435044215 0.20743840117992182 1.3869625210530612E-4 0.018290219584356924 4.179504572168714E-4 0.0010695436024771806 
8.326394485152924E-5 0.9965124141682045 8.656097528896055E-4 1.391457882828208E-4 3.626731620079855E-4 7.538460660270229E-4 3.626731620079855E-4 8.326394485152924E-5 8.326394485152924E-5 7.538460660270231E-4 
1.9569471187710303E-4 0.9590998043428609 0.02015918254421647 0.0074193251775261995 0.0038731793125711855 0.00702530897030897 4.5837218335525206E-4 9.83727126311555E-4 1.9569471187710303E-4 5.897109190943287E-4 
0.007017713345477507 0.9906568770804325 4.256431511708139E-4 2.5515857718012196E-4 4.2564315117081335E-4 1.983303858498915E-4 6.5295591649173E-4 8.467400318943126E-5 8.467400318943126E-5 1.983303858498915E-4 
1.8832391293603637E-4 0.9809893957574547 1.8832391293603637E-4 5.674995850408762E-4 0.010173283278363502 0.0014522428199521679 3.147158036376496E-4 1.8832391293603637E-4 1.8832391293603637E-4 0.0057495671038069966 
0.05502178264317411 0.9075790923085036 0.034371292193403014 3.1609741658752266E-4 2.2552509005343898E-4 2.2552509005343898E-4 4.972420696556879E-4 1.3495276351935574E-4 0.0013123930084624406 3.160974165875217E-4 
1.6863177772787673E-4 0.9955701989244339 1.6863177772787766E-4 1.0090817130886132E-4 3.0407899056590957E-4 7.781442354990259E-4 1.6863177772787733E-4 1.6863177772787668E-4 0.0016585511189462431 9.135914483370585E-4 
0.0022614415941033827 0.9367493573481505 8.776458423318126E-4 1.8574796644602737E-4 0.03579187711779913 7.179771017427848E-4 0.0011437604099801904 0.014609157532988177 1.3252505291635157E-4 0.007530510033541286 
1.5603556650611156E-4 0.9861880322783793 9.337067952092672E-5 2.18700453491296E-4 3.4403022746166436E-4 9.337067952092672E-5 3.440302274616644E-4 9.337067952092672E-5 0.012313023641631862 1.5603556650611134E-4 
8.194909005105806E-4 0.9394182969908895 0.018222082745955232 3.915583141471878E-4 6.768467050561159E-4 0.003601052711872645 1.7759202096549121E-4 0.022715374902770962 1.775920209654914E-4 0.013800112686866898 
0.003577158608296789 0.9880678522959493 9.408025043130206E-4 1.8755790317480215E-4 0.0010161269644268416 0.003426509688069149 2.6288236328862497E-4 2.6288236328862453E-4 0.0014680737251097772 7.901535840853763E-4 
6.426970226609939E-4 0.9881206022183416 1.6863177772787733E-4 1.0090817130886132E-4 0.0035548120986786946 0.006805545206791447 1.6863177772787665E-4 1.0090817130886132E-4 1.0090817130886132E-4 2.363553841468933E-4 
0.0020992144672780885 0.9572462667481844 8.480862176586317E-4 2.225220928489096E-4 0.03748827067079961 4.012546999374028E-4 2.2252209284890967E-4 4.012546999374045E-4 4.906210034816479E-4 5.799873070258916E-4 
8.326394485152924E-5 0.9979653420974184 1.391457882828208E-4 8.326394485152924E-5 0.0012009008134773516 8.326394485152924E-5 8.326394485152924E-5 1.391457882828205E-4 1.3914578828282053E-4 8.326394485152924E-5 
1.0626992323825796E-4 0.9614568251886029 0.0013900676823284399 2.489141186927224E-4 0.0017466781709646023 0.03291443487776518 6.055246073288834E-4 4.628804118744197E-4 5.342025096016504E-4 5.34202509601651E-4 
8.539709459157514E-5 0.9140635835986635 2.0002406975982892E-4 0.0015755477717788722 0.008510479769458231 0.07115412169890889 5.439049952645896E-4 3.1465104492808387E-4 0.0018048017221153848 0.0017474882345312642 
0.002966108138563014 0.6317992969269219 0.0025095496762287746 3.789435186689988E-4 0.35603798567704104 0.0012920604433374735 9.876881351146426E-4 0.0034226666008972517 2.2675736455758338E-4 3.789435186689988E-4 
0.0057627144766995335 0.9098947993427272 5.743825259397444E-5 9.598741627036365E-5 1.345365799467521E-4 2.1163490729952944E-4 9.055198534745329E-4 9.59874162703638E-5 0.04026421596706783 0.04257716578765111 
5.504217968411463E-4 0.9239081384952451 0.001412701376637322 4.546129546415674E-4 0.05290995405890884 0.01410737296808096 5.025173757413576E-4 0.002370789798633062 2.1509084914263265E-4 0.003568400326127745 
4.628913665965709E-4 0.5872730646875 1.536098276010122E-4 0.0020092990615743446 0.4030443612924801 0.0033495190638884184 5.659852129284229E-4 0.002730955985897304 1.536098276010122E-4 2.5670367393286535E-4 
3.680882853266509E-4 0.9739582565281065 0.0029158760680706663 0.0011056058013841242 0.0018431233174416026 0.003184064255727932 3.680882853266519E-4 1.669471445837055E-4 3.6808828532665036E-4 0.01572186202870498 
1.4150219451966134E-4 0.9978740573793723 8.467400318943126E-5 8.467400318943126E-5 1.4150219451966137E-4 1.4150219451966134E-4 8.467400318943126E-5 7.666122991521927E-4 2.5515857718012337E-4 4.2564315117081314E-4 
6.234456406390661E-4 0.521069964471574 3.96325187298049E-4 1.6920473395703567E-4 0.28883930093038646 0.186180856020248 1.6920473395703567E-4 1.6920473395703567E-4 7.370058673095713E-4 0.0016454876806736333 
1.0193679690836297E-4 0.9983300152767821 4.4400659283731796E-4 1.0193679690836297E-4 1.7035075609415353E-4 1.703507560941534E-4 1.0193679690836297E-4 1.0193679690836297E-4 3.755926336515258E-4 1.0193679690836297E-4 
0.010970552415535977 0.8758357072869692 4.5547454475869305E-4 7.993604937379084E-5 0.07717262431624622 1.335844058573486E-4 7.993604937379084E-5 1.3358440585734915E-4 0.03500501612016985 1.3358440585734864E-4 
6.341762024404921E-4 0.7990724162497912 1.7211703574642525E-4 1.7211703574642525E-4 6.341762024404928E-4 0.018885513286856233 6.341762024404907E-4 0.17829592579630968 6.34176202440489E-4 8.652057857875264E-4 
9.699320830940244E-5 0.9472454579369842 9.699320830940244E-5 2.271854371380856E-4 6.177621236241372E-4 0.051002154680324825 9.699320830940244E-5 1.6208932272374362E-4 1.6208932272374427E-4 2.922815515524272E-4 
8.29134551276368E-4 0.9673119179156018 0.011649705585577104 5.635990657720535E-4 0.009060734601910043 5.635990657720529E-4 8.291345512763674E-4 6.299829371481341E-4 0.004944934576593231 0.0036172571490716596 
2.1691973485829538E-4 0.5755637729706918 3.625034527823421E-4 9.448383244785295E-4 0.41556726697216345 3.6250345278234213E-4 2.1691973485829538E-4 0.006331435887668244 2.1691973485829538E-4 2.1691973485829538E-4 
2.3635538414689344E-4 0.9726118963483856 1.6863177772787725E-4 2.3635538414689322E-4 0.017844493053091173 1.0090817130886132E-4 1.0090817130886132E-4 0.007753675696657686 1.0090817130886132E-4 8.458678419180417E-4 
1.504177243275601E-4 0.9120201282036516 9.357311550152965E-4 1.504177243275601E-4 9.000899889004277E-5 4.524613515151468E-4 2.1082644976507748E-4 5.128700769526642E-4 0.08375609372985154 0.001721044585703017 
4.1443431738605676E-4 0.958147242337804 0.0012445801037752767 9.514747646712865E-5 0.006097740085742995 0.03100211367741944 9.514747646712865E-5 0.0020747258901644776 5.421490537536285E-4 2.867195810184849E-4 
4.5248867771465823E-4 0.935798232645495 4.5248867771465823E-4 7.561723608210842E-4 4.5248867771465823E-4 0.0010598560439275067 4.5248867771465823E-4 0.05936712320036061 4.5248867771465823E-4 7.561723608210844E-4 
1.8144852522107886E-4 0.9378841207236843 0.0017117373126136575 2.5431941985882097E-4 1.0857763058333605E-4 2.5431941985881945E-4 2.543194198588199E-4 4.0006120913430254E-4 2.543194198588192E-4 0.05869677691932787 
7.745933211971905E-5 0.9990949214905182 7.745933211971905E-5 7.745933211971905E-5 7.745933211971905E-5 1.2944546222110832E-4 2.3341772242388575E-4 7.745933211971905E-5 7.745933211971905E-5 7.745933211971905E-5 
3.316439006401122E-4 0.6734056627254584 4.524613515151469E-4 2.1082644976507743E-4 0.026005352211584995 1.5041772432756014E-4 1.504177243275601E-4 2.1082644976507753E-4 0.0012981835076403953 0.2977842079549755 
2.0174692996451053E-4 0.9717086057662809 0.006271497029798663 0.0051153541536398 0.0019359612442028558 3.173612175803998E-4 8.6132642348623E-5 0.011936597122977281 8.6132642348623E-5 0.0023406112508584636 
0.006050270553687374 0.32321687555130035 0.02185358925114016 0.00515008151395905 0.5735694496001875 0.022653757286454235 0.0013492833462172321 0.011951509814128614 0.020653337198169062 0.013551845884756743 
0.07516581322375941 0.3609758823161209 0.4911285816728084 1.636768773048137E-4 0.0071971813374894205 0.008840523501083955 1.6367687730481375E-4 9.794319076103333E-5 3.608779369361581E-4 0.05590584306643147 
7.513147841210015E-5 0.9942310116679581 1.2555529055399274E-4 7.513147841210015E-5 0.004764546007608079 2.2640291483777702E-4 7.513147841210015E-5 7.513147841210015E-5 2.2640291483777702E-4 1.2555529055399242E-4 
2.1231422031756106E-4 0.4741432622471974 0.002207212979300224 0.002492198516297749 0.4955171775220116 0.003774633432786597 2.1231422031756106E-4 0.0044870972752804 0.009331851404238338 0.007621938182253184 
7.90061292497202E-4 0.9772653378977779 9.425070477561993E-5 2.2076172072499863E-4 0.01666719379414424 1.5750621275030928E-4 1.5750621275030928E-4 0.0043323697390798095 2.2076172072499863E-4 9.425070477561993E-5 
0.001968177359454326 0.9901624647291957 4.5999547267669666E-4 9.627227682692328E-4 7.951470030717245E-4 2.0863182488042574E-4 0.00330878348103444 4.599954726766965E-4 5.437833552754536E-4 0.001130298533466749 
8.6132642348623E-5 0.9017619617586682 1.4393978615656687E-4 1.4393978615656708E-4 3.1736121758040026E-4 2.595540737724552E-4 2.0174692996451134E-4 0.08957159125704675 3.7516836138834454E-4 0.007138604186917881 
9.900989879896664E-4 0.9864376372484662 9.900989879896664E-4 9.900989879896664E-4 0.0016545949679360383 0.002983586927828807 9.900989879896664E-4 9.900989879896664E-4 0.0016545949679360446 0.0023190909478824208 
3.833521860766896E-4 0.6700963323619392 0.001152253426232672 0.003349114112392646 0.32200375663989467 3.8335218607668965E-4 3.8335218607668965E-4 2.7350915176869176E-4 2.7350915176869176E-4 0.001701468597772665 
8.76424169735188E-5 0.993035074631192 2.641036631462949E-4 8.76424169735188E-5 0.005322659386765917 1.4646283236444395E-4 2.0528324775536923E-4 2.0528324775536874E-4 4.4056490931907393E-4 2.0528324775536972E-4 
1.1614401599003734E-4 0.9083000101543542 0.0017530731370015862 0.013601322012894762 0.04548246536973891 0.004948982373262248 6.617870563272223E-4 0.024280335802351116 1.1614401599003734E-4 7.397360620896789E-4 
4.7704314805489345E-4 0.9834046392507014 2.03665983237022E-4 3.4035456564595706E-4 0.010591998246316035 4.770431480548924E-4 3.403545656459585E-4 0.003484191961051441 2.03665983237022E-4 4.7704314805489334E-4 
4.775630422419889E-4 0.3659356087693514 2.6484008198173875E-4 0.0078165051712206 0.5232442378818063 0.05546644826951667 0.0012220934031528642 0.044830300256504106 4.775630422419889E-4 2.6484008198173875E-4 
8.45283961335904E-5 0.7776246793909503 2.7828976447793753E-4 1.329687382196765E-4 0.008610028603284822 0.13583858709239116 8.45283961335905E-5 0.00626067201210964 1.0874856717663347E-4 0.0709769690391213 
0.001574935129784336 0.9817357139701671 9.990009766938956E-5 9.990009766938956E-5 0.001776076270527284 0.005932993179214853 1.6694714458370563E-4 0.002714734927327717 9.990009766938956E-5 0.005798899085386236 
0.04093065869990294 0.9256299860911429 0.003909898767811898 2.599646900001104E-4 1.8547623943252276E-4 0.02387280351992535 0.0030160373610008465 1.109877888649351E-4 0.0010793376462435742 0.001004849195675979 
2.4937655304339135E-4 0.8822725066964341 0.0032619792745957753 2.4937655304339135E-4 0.0022577783674116434 0.09665266364271945 0.0027598788210037215 2.4937655304339135E-4 7.514770066354502E-4 0.011295586532068773 
1.636768773048137E-4 0.9987898428504333 9.794319076103333E-5 9.794319076103333E-5 1.6367687730481462E-4 9.794319076103333E-5 9.794319076103333E-5 9.794319076103333E-5 2.9514425039237665E-4 9.794319076103333E-5 
0.007908024197654103 0.8849489271808871 6.693536105701399E-4 1.3315578930466292E-4 1.3315578930466292E-4 0.10451299832898438 4.012546999374045E-4 8.480862176586354E-4 3.1188839639315747E-4 1.3315578930466292E-4 
0.15681459034726852 0.21853724739992914 4.6291992170333746E-4 0.035972038888745984 0.5409079923677407 0.03243971815380458 4.629199217033371E-4 0.009572589185499634 8.347431569603305E-4 0.00399524065664476 
4.8696088502114875E-4 0.5785611631471598 0.0023008553164495372 0.0013241429302957913 0.2816405977564211 0.09215839484259407 2.079002032629375E-4 0.042346063148753124 2.079002032629375E-4 7.660215667793632E-4 
4.6490003610351097E-5 0.939394194686397 0.0032914299254534958 0.0036034433794768735 0.04940701843010897 5.457115300477574E-4 1.0889269441502716E-4 1.4009403981736507E-4 4.5210749384074476E-4 0.0030106178168324534 
0.001927972511546951 0.6029877936711898 8.84173278221065E-5 8.84173278221065E-5 0.3875224752161923 9.19184184988167E-4 8.84173278221065E-5 0.001037865164583316 0.0052510399402111415 8.84173278221065E-5 
0.022226608759865072 0.9571894471730531 2.5575447000138814E-4 4.2740176914094874E-4 9.423436665596302E-4 0.0012856382648387505 2.5575447000138814E-4 0.0167338951873992 2.5575447000138814E-4 4.274017691409488E-4 
5.421490537536299E-4 0.9270487040323 1.5900484465091526E-4 2.2286221283470062E-4 0.0010530079992239173 1.5900484465091513E-4 2.2286221283470062E-4 0.06299465513749615 0.005012164826618626 0.002585584835634769 
0.0018308454328777684 0.611492795528564 5.911224545891046E-4 0.006113524812420434 0.12332369730516725 0.24092832710918766 0.0038031319892460965 8.39630543801027E-5 8.39630543801027E-5 0.011748629259187097 
2.4184383752527124E-4 0.6142726716626304 4.360959184569719E-4 5.332219589228222E-4 0.007914801034327438 0.25908274167901624 1.4471779705942133E-4 2.4184383752527152E-4 0.11698734447747723 1.4471779705942133E-4 
2.127413130690692E-4 0.9890026760477695 0.001431889250600293 1.517839161925071E-4 0.008259117700775165 1.517839161925071E-4 9.082651931594527E-5 2.7369870994563023E-4 2.1274131306906846E-4 2.1274131306906868E-4 
7.964645530377886E-4 0.9746928747088867 4.116990675941178E-4 8.190008007097174E-5 0.023607561190055353 8.190008007097174E-5 8.190008007097174E-5 8.190008007097174E-5 8.190008007097174E-5 8.190008007097174E-5 
0.029917498010317133 0.9143055432951506 1.8143159232249757E-4 2.3341772242388575E-4 0.030073456400621323 2.3341772242388575E-4 5.453345030322229E-4 0.0028327242274933514 0.01998814716095179 0.001689029365262789 
4.919824202749195E-4 0.87555471136523 6.988120039579851E-5 6.988120039579851E-5 0.1003892711249996 0.01878303528170338 2.1058160702217083E-4 9.140836401540418E-4 5.857826913591653E-4 0.002930789468465384 
2.0002406975982894E-4 0.6919738192101716 2.573375573439572E-4 0.0026645040358772897 0.06100963439651847 0.23747786266804508 6.585319704328439E-4 2.573375573439569E-4 0.00518629748957886 3.1465104492808317E-4 
3.6665540593100676E-4 0.8481777373224447 2.6875009016029096E-4 1.7084477438957508E-4 0.09048849857287494 8.072293268992281E-4 2.1979743227493298E-4 0.058865081578933796 1.2189211650421717E-4 5.135133795870806E-4 
0.15751271824480031 0.7909169075521523 0.042869426062474326 0.0010723924543344823 3.558718781949478E-4 0.001072392454334481 3.558718781949478E-4 0.002744273798660076 3.558718781949478E-4 0.0027442737986600766 
0.09823223549057977 0.9004315783861265 3.3465610682219135E-4 9.082651931594527E-5 2.127413130690686E-4 9.082651931594527E-5 1.5178391619250707E-4 9.082651931594527E-5 1.5178391619250734E-4 2.1274131306906813E-4 
0.0017590479073441396 0.746714134865872 1.6920473395703567E-4 1.6920473395703567E-4 0.13621435628522488 2.827649606275419E-4 1.6920473395703567E-4 0.1132751904977824 2.8276496062754167E-4 9.641263206505895E-4 
9.421114727395017E-4 0.4159181222094722 7.325981721319285E-4 0.0668689633972558 0.5052406260351675 0.0018500024420390047 0.004224486515591485 0.0031769200125536232 5.929226383935471E-4 4.532471046551652E-4 
0.04302991529112665 0.944487232345256 6.453041644517289E-4 0.0010144009231745855 2.7620740572886646E-4 0.005566594280756509 9.165902636743738E-5 0.0023677557051584018 9.165902636743738E-5 0.002429271831612205 
0.07002511631678413 0.909039521452949 2.0528324775536953E-4 1.4646283236444374E-4 0.008381320987094057 0.007793116833184815 0.0020875365402649886 4.993853247099995E-4 8.76424169735188E-5 0.0017346140479194373 
1.9502763171411203E-4 0.9159866777837125 4.185550054392765E-4 4.7443684887056803E-4 0.04501226606360962 0.028415358564516317 1.9502763171411262E-4 0.008465540459545194 2.509094751454031E-4 5.862005357331498E-4 
2.8401722869968713E-4 0.9501287249766359 0.006989101074016771 6.002947685731326E-4 0.00913978834515621 2.2076172072499833E-4 0.001422616372244095 0.030962938596423937 1.5750621275030933E-4 9.425070477561993E-5 
9.165902636743738E-5 0.9721694892494713 0.0010144009231745886 3.9923965863648657E-4 8.298525438131569E-4 0.005259013648487461 3.992396586364866E-4 3.377235321826767E-4 0.019223174353502348 2.762074057288665E-4 
3.8335218607668965E-4 0.45535320028980375 1.6366611746069384E-4 1.6366611746069384E-4 0.5425685695303543 2.7350915176869176E-4 3.833521860766897E-4 3.833521860766896E-4 1.6366611746069384E-4 1.6366611746069384E-4 
2.7350915176869176E-4 0.9679906414052302 0.0021408407350046567 1.6366611746069384E-4 0.0024703698379286592 0.0036786432153166327 0.0034589571467006385 2.7350915176869176E-4 0.001591625563464665 0.017958237675356353 
0.09696486656582823 0.7207553717865959 0.004557993986683884 0.053320118345761336 0.08473022016451567 0.003440406094256283 2.6410366314629527E-4 0.030674258420254903 0.001616973217137587 0.003675687755820022 
0.003723577167543954 0.8199149037828222 3.0820635286946845E-4 5.139515826691358E-4 0.08441685629497321 0.024339249193470653 6.131207710986897E-5 0.03174607746625854 1.8475921498966856E-4 0.03479110686729362 
0.013099870295794598 0.9548733885466213 7.39038463682836E-4 5.64942240695347E-4 0.02789804924973118 1.297016832266208E-4 1.297016832266208E-4 0.0014354233556327948 9.131346866703261E-4 2.1674979472036582E-4 
1.5900484465091472E-4 0.9591051028605609 9.89150631040133E-4 2.867195810184844E-4 2.228622128347006E-4 1.5900484465091523E-4 2.228622128347001E-4 7.975785264887737E-4 0.037962566809452106 9.514747646712865E-5 
