4.3103447320730364E-4 4.3103447320730364E-4 4.3103447320730364E-4 0.001298889136646919 0.7965430457351489 4.3103447320730364E-4 0.001298889136646919 0.02212740105919765 0.16879483918049323 4.3103447320730364E-4 0.002745313575712945 4.3103447320730364E-4 4.3103447320730364E-4 0.0010096042488337137 4.3103447320730364E-4 4.3103447320730364E-4 7.203193610205087E-4 7.203193610205087E-4 4.3103447320730364E-4 4.3103447320730364E-4 
1.329787204398546E-4 0.0012039483049673197 2.2222618581714315E-4 0.0041491146624178755 0.8971592532275701 1.329787204398546E-4 0.0012039483049673188 0.018428709122784232 4.0072111657172156E-4 1.329787204398546E-4 2.222261858171433E-4 1.329787204398546E-4 8.469584434581635E-4 4.007211165717197E-4 4.899685819490097E-4 3.1147365119443083E-4 0.05725135656190472 1.329787204398546E-4 0.016911502211370142 1.329787204398546E-4 
8.196721131267896E-4 0.0013697876375884518 0.0013697876375884527 0.0030201342109734586 0.2659753549036515 0.0013697876375884524 8.196721131267896E-4 8.196721131267896E-4 8.196721131267896E-4 0.0013697876375884516 8.196721131267896E-4 8.196721131267896E-4 0.003570249735435134 0.0019199031620501204 0.0013697876375884527 8.196721131267896E-4 8.196721131267896E-4 8.196721131267896E-4 0.7104686986686791 8.196721131267896E-4 
3.765726458217411E-4 3.765726458217403E-4 3.7657264582174047E-4 0.04288935885488063 0.25642439415368196 5.923735910453931E-4 0.008361207619096771 0.020230259606397613 0.004153089187235625 0.012569326050957908 0.0011318759541045133 2.6867217320991594E-4 1.6077170059809135E-4 3.765726458217404E-4 0.10266622068183172 3.7657264582174107E-4 0.009656013290438666 1.6077170059809135E-4 0.5386920305062162 1.6077170059809135E-4 
0.0010315684677202 0.0014458529984501514 0.0014458529984501488 0.2885450327943037 0.5458157263776021 0.0010315684677202012 0.001445852998450146 0.0014458529984501475 0.0014458529984501469 6.172839369902493E-4 0.0026887065906399856 6.172839369902493E-4 6.172839369902493E-4 6.172839369902493E-4 6.172839369902493E-4 6.172839369902493E-4 0.14603115422320148 0.001860137529180098 0.0010315684677202012 0.0010315684677201997 
3.5460992120807914E-4 0.0022585558494455362 0.01415821790092969 5.926031622377609E-4 0.267145033115483 3.5460992120807914E-4 3.5460992120807914E-4 3.5460992120807914E-4 0.14672045315446308 0.0017825693673861735 5.926031622377623E-4 5.926031622377603E-4 8.305964032674429E-4 5.926031622377605E-4 3.5460992120807914E-4 5.926031622377594E-4 3.5460992120807914E-4 3.5460992120807914E-4 0.561304679028171 3.5460992120807914E-4 
0.0014422863166488687 3.311258204623454E-4 0.001664518415886179 3.311258204623454E-4 0.23434152631734387 0.0018867505151234857 5.533579196996482E-4 5.533579196996492E-4 0.0014422863166488682 0.0574447753244499 5.533579196996486E-4 0.0012200542174115672 3.311258204623454E-4 0.002775678912072702 5.533579196996477E-4 3.311258204623454E-4 3.311258204623454E-4 0.028332370324362904 0.6652495667384769 3.311258204623454E-4 
1.5105739844649383E-4 0.0015703886907420949 0.15374297938614973 0.010593280477478413 0.7537145928008198 0.0015703886907420918 0.02073136113673278 0.0011648654643719243 0.003192481596222793 0.005220097728073631 0.0014690078841495507 0.0019759119171122727 4.5519981822412354E-4 0.006639429020369224 0.0017731503039271827 0.0012662462709644648 5.565806248166669E-4 0.004003528048963126 0.0298556337300617 3.538190116315804E-4 
1.7852758055813224E-4 0.11860011867969879 2.2968161559015844E-4 0.02376053773032226 0.028313246848172543 2.8083565062218455E-4 7.412219659104199E-4 6.389138958463676E-4 0.3176404689893125 5.366058257823153E-4 2.2968161559015838E-4 1.7852758055813227E-4 1.7852758055813224E-4 0.3844987927761708 7.621951049407997E-5 1.273735455261061E-4 7.621951049407997E-5 1.7852758055813227E-4 0.12156705271155611 0.0019689188066790474 
3.745273234563686E-5 0.0018875274874172799 9.761776503089391E-5 8.257650685957961E-5 0.9258569756930768 6.753524868826555E-5 2.2411474174322622E-5 2.931541212579782E-4 0.0476129523282124 9.76177650308939E-5 1.2770028137352118E-4 3.2323663760060715E-4 2.2411474174322622E-5 3.7452732345636926E-5 1.277002813735219E-4 1.7282405588746439E-4 1.8786531405877771E-4 8.045568990826613E-4 0.021952565887950415 1.878653140587785E-4 
9.242143971252955E-5 9.242143971252955E-5 0.002201367091029676 9.242143971252955E-5 0.01311826222725959 2.7850487953463263E-4 5.886439459047995E-4 0.25000248112079404 0.40122628988288817 2.164770662605971E-4 0.023352851417475125 9.242143971252955E-5 1.544492529865628E-4 0.010699177509572208 9.242143971252955E-5 4.0256050608269994E-4 9.242143971252955E-5 9.242143971252955E-5 0.29695753576923745 1.5444925298656304E-4 
1.3123359287492428E-4 0.002597368279203964 1.3123359287492428E-4 8.358435032546499E-4 0.7375935810440551 1.3123359287492428E-4 1.3123359287492428E-4 0.07147298701882211 0.001892758368824238 0.00391851186116595 1.3123359287492428E-4 3.9546230926732135E-4 1.3123359287492428E-4 0.0016285296524318408 3.0738607046985563E-4 2.1930983167238997E-4 2.1930983167238997E-4 2.1930983167238992E-4 0.1765479399041987 0.0013643009360394438 
4.962461561577827E-4 0.0010650096643449723 2.118644020641875E-4 2.118644020641875E-4 0.6932501991281517 2.118644020641875E-4 3.540552791109832E-4 4.962461561577813E-4 2.118644020641875E-4 0.19728841998892452 2.118644020641875E-4 3.5405527911098404E-4 2.118644020641875E-4 2.118644020641875E-4 2.118644020641875E-4 2.118644020641875E-4 2.118644020641875E-4 7.806279102513765E-4 0.10330025026099182 4.962461561577824E-4 
4.3103447320730364E-4 4.3103447320730364E-4 0.0010096042488337137 4.3103447320730364E-4 0.776582388476038 0.001298889136646919 4.3103447320730364E-4 0.0021667438000865344 0.0021667438000865344 0.0010096042488337137 4.3103447320730364E-4 7.203193610205086E-4 4.3103447320730364E-4 0.0010096042488337137 4.3103447320730364E-4 4.3103447320730364E-4 7.203193610205087E-4 4.3103447320730364E-4 0.20900543858652865 4.3103447320730364E-4 
3.9525450778688887E-4 0.0098959792429437 9.074409960878636E-5 3.9525450778688914E-4 8.824711608718552E-4 9.074409960878636E-5 0.028044799570358676 0.0013696878139568265 0.36580774432151114 0.3097778292167404 2.734503445156472E-4 3.9525450778688935E-4 1.516461812444072E-4 0.06373341940883244 9.074409960878636E-5 0.0019787086303130323 0.006059148099899621 0.005206518957000911 0.2052698571300151 9.074409960878636E-5 
2.3696681937303055E-4 0.0011911956435461202 5.550430940973982E-4 7.140812314595802E-4 0.3008190464338982 2.3696681937303055E-4 2.3696681937303055E-4 0.2508810713021731 0.4118276663127015 2.3696681937303055E-4 2.3696681937303055E-4 2.3696681937303055E-4 3.960049567352142E-4 2.3696681937303055E-4 0.02727345017094412 2.3696681937303055E-4 3.9600495673521507E-4 7.140812314595802E-4 0.0029406151545301254 3.960049567352143E-4 
9.242143971252955E-5 0.0013950055184672346 0.18189594214590513 5.886439459047994E-4 1.544492529865632E-4 1.544492529865632E-4 2.785048795346306E-4 0.28622672407282934 2.7850487953463073E-4 0.002263394904303716 9.242143971252955E-5 0.004124229302524726 1.544492529865632E-4 8.367551990009323E-4 0.0013950055184672344 9.242143971252955E-5 0.04872222704655503 2.164770662605971E-4 0.4685264672852148 0.0025115061573998477 
1.81251726391171E-4 1.8125172639117112E-4 2.5404358535319454E-4 2.5404358535319443E-4 0.6810763004571585 1.812517263911711E-4 0.0076788131994795835 0.10376406702935051 0.1787396817602349 3.2683544431521785E-4 0.00192825634147973 1.0845986742914769E-4 1.8125172639117112E-4 1.0845986742914769E-4 1.0845986742914769E-4 9.091703160114059E-4 1.8125172639117107E-4 0.023183479158390512 1.812517263911711E-4 4.7241916223926474E-4 
0.001498583711925775 6.692270374832028E-4 0.0013071937101313373 4.140403684239469E-4 0.007942047105671908 1.5885369936469415E-4 0.001307193710131335 0.003795263733459052 0.2980254931587777 4.140403684239469E-4 1.588536993646941E-4 0.05553436088522257 0.002902110391751667 0.20928432899342223 0.00137099037739615 2.2265036662950737E-4 1.5885369936469442E-4 0.0321209839990361 0.38134394060662336 0.0013709903773961498 
0.02991774068816056 0.00229999405598205 3.6972144190505594E-4 2.2123893312990222E-4 0.0011121339857808185 0.010911979564940956 2.2123893312990222E-4 9.636514770056629E-4 0.5513883115064989 0.20022717825326092 3.6972144190505757E-4 0.03273890835488846 3.697214419050558E-4 0.04268723644282377 8.151689682305149E-4 2.2123893312990222E-4 2.2123893312990222E-4 2.2123893312990222E-4 0.12450109877793311 2.2123893312990222E-4 
0.012399181677186713 1.0964912036154348E-4 1.0964912036154348E-4 1.8323913567187383E-4 0.16487769340019115 1.0964912036154348E-4 1.8323913567187383E-4 0.010265071233187149 0.41184578478166 4.040091816028649E-4 2.5682915098220415E-4 1.8323913567187383E-4 1.8323913567187383E-4 0.020494083361323065 0.001139909334706168 9.927293040855078E-4 2.5682915098220415E-4 1.8323913567187383E-4 0.37549231721835663 3.304191662925345E-4 
3.1980210541687304E-4 1.7197370461965994E-4 0.008795297084457093 2.7052597181780204E-4 0.914983393971369 7.342143742151816E-5 0.002783608785370398 0.00401551212534717 1.7197370461965994E-4 0.0011574963766010735 7.342143742151816E-5 7.342143742151816E-5 2.2124983821873137E-4 0.05802215454992862 2.7052597181780166E-4 0.0035227507893564602 1.2269757102058922E-4 3.1980210541687315E-4 0.004557549594936944 7.342143742151816E-5 
3.827257936297353E-4 3.827257936297354E-4 0.003124314599374583 0.003124314599374583 0.9191439663748431 1.633986891701475E-4 0.005646576300659844 3.8272579362973516E-4 0.025166688597563235 3.827257936297349E-4 0.012774707195596494 2.730622413999408E-4 0.006194894061808813 2.730622413999411E-4 6.020528980893227E-4 0.012555380091136884 0.006414221166268401 0.0015890248681574679 0.001260034211468086 1.633986891701475E-4 
5.830005911864185E-4 0.0038749893774187682 0.12164323337521449 0.008866069150093586 0.31056091243029005 6.891937778390725E-4 1.5822784457578928E-4 1.5822784457578928E-4 0.0024944779509342447 0.010140387389925442 0.019273001442053902 0.0015387392710603178 6.891937778390722E-4 0.0021758983909762617 0.0030254438841975143 0.0011139665244496934 1.5822784457578928E-4 2.644210312284447E-4 0.5123279670703373 2.6442103122844554E-4 
9.416195646801819E-5 1.573579018188248E-4 9.416195646801819E-5 1.573579018188248E-4 0.056338553318685876 9.416195646801819E-5 9.416195646801819E-5 0.015008405059258403 0.5926825415109822 1.573579018188248E-4 4.101416832220513E-4 2.2055384716963144E-4 1.573579018188248E-4 0.1949272614730047 1.5735790181882484E-4 2.83749792520438E-4 1.573579018188248E-4 0.006350560546197895 0.13236327557570626 9.416195646801819E-5 
1.0845986742914769E-4 8.363784570493818E-4 4.7241916223926474E-4 1.0845986742914769E-4 0.11759452023213499 3.2683544431521796E-4 1.8125172639117104E-4 0.46168163754561936 0.08010671286669267 0.13710273843395723 2.540435853531945E-4 0.001273129610821526 5.452110212012882E-4 3.268354443152179E-4 2.5404358535319443E-4 0.02354743845320067 1.8125172639117104E-4 5.452110212012882E-4 0.17437217022251325 1.8125172639117112E-4 
4.487129994336183E-4 1.9157087696051667E-4 0.35659055262467687 0.015620098225346497 0.04454858700357024 5.772840606701687E-4 0.0013487104280894607 9.629972443798159E-4 0.19266244954807596 0.03169148087991539 4.487129994336187E-4 5.772840606701697E-4 8.344261831432688E-4 0.07514849957786922 0.0018629946730356693 3.201419381970681E-4 3.201419381970687E-4 4.4871299943361826E-4 0.2748193576782311 5.772840606701687E-4 
0.05431278948883581 1.1737088940149395E-4 0.027372625010628593 6.687777646864321E-4 0.16301871633072454 2.749157109114783E-4 1.1737088940149395E-4 0.33041008918508186 0.025560859563263847 1.9614330015648598E-4 0.0010626398184613978 1.1737088940149395E-4 1.1737088940149395E-4 9.83867407706406E-4 3.536881216664702E-4 7.475501754414233E-4 2.7491571091147854E-4 0.005001260356210951 0.3890167627867957 2.7491571091147886E-4 
2.0222633019362877E-4 6.442510983256478E-4 5.488474081628931E-5 1.2855553550495885E-4 0.6557249574699769 6.074157009813126E-4 0.0018598192106887015 0.09276957985650722 0.04480989251418314 1.6539093284929384E-4 0.016814990532488673 9.172013816062451E-5 1.6539093284929332E-4 2.0222633019362836E-4 1.6539093284929338E-4 7.17921893014317E-4 1.2855553550495896E-4 5.488474081628931E-5 0.18452655464124532 1.6539093284929378E-4 
5.189878625706764E-4 0.0019779899053760904 3.1055899931276015E-4 0.08326524657596358 0.7385655926588522 3.1055899931276015E-4 0.014900579427366951 7.274167258285926E-4 3.1055899931276015E-4 0.012607861931529888 0.07847138272103145 5.189878625706764E-4 0.0021864187686340066 5.189878625706764E-4 0.05929592730130302 0.0013527033156023414 0.0021864187686340066 9.358455890865089E-4 7.274167258285926E-4 3.1055899931276015E-4 
3.012048125852136E-4 5.033556980333102E-4 0.004546373406995269 0.12704980998854246 0.08581102935713053 0.006567882261476244 0.0013119592398257046 5.033556980333108E-4 7.055065834814033E-4 0.010408749084990098 3.012048125852136E-4 0.009195843772301511 0.0027270154379623883 0.0025248645525142873 0.005759278719683851 3.012048125852136E-4 5.033556980333092E-4 7.055065834814069E-4 0.7308745048220102 0.009397994657749612 
4.3759664325809295E-4 1.1876484295740531E-4 4.375966432580932E-4 0.0013940920441601527 0.9071952366984127 1.9847279303257726E-4 5.970125434084372E-4 1.9847279303257726E-4 0.07751518436594942 0.008169267800549782 1.1876484295740531E-4 1.1876484295740531E-4 2.781807431077495E-4 3.578886931829214E-4 4.3759664325809317E-4 1.1876484295740531E-4 2.781807431077492E-4 6.767204934836091E-4 7.564284435587811E-4 5.970125434084369E-4 
3.226413078968244E-4 0.0016743262125677907 3.814102167955623E-4 0.014133334899100226 0.0011454060324791575 2.0510349009935036E-4 0.13073085015419625 0.05644694930619156 0.03123508738863299 0.009255515460504975 0.0043189271130109844 8.756567230187393E-5 2.0510349009935096E-4 0.1838579437986555 0.048806991149355626 0.0030847800261375215 3.814102167955625E-4 0.002320784210453927 0.4854012153580796 0.02600465449664539 
0.0013617465210921196 1.1600927815546617E-4 1.1600927815546617E-4 0.001128170788041499 0.022072128184913897 1.1600927815546617E-4 3.4958501120608735E-4 0.4601044862325142 4.274435888896296E-4 0.023240006850166996 1.1600927815546617E-4 9.724536326744148E-4 1.1600927815546617E-4 0.007434715580408285 2.717264335225471E-4 5.053021665731701E-4 5.831607442567135E-4 2.7172643352254845E-4 0.4803477164302345 3.495850112060876E-4 
2.4503532512538376E-4 1.4662756271463425E-4 0.12896238855838446 0.05013777086737505 0.3239081658940784 1.4662756271463425E-4 6.38666374768379E-4 0.003984530296733863 1.4662756271463425E-4 0.023174043966829875 0.00329567595985859 5.402586123576304E-4 0.001229112949232872 0.10219547718266123 0.010577850378254004 2.450353251253837E-4 1.4662756271463425E-4 0.25895904270298403 0.09107540003024658 2.450353251253831E-4 
1.748251709311903E-4 2.921575030377929E-4 1.748251709311903E-4 0.006393438772581124 0.8064826114075042 1.748251709311903E-4 0.023406626928038455 0.013198714034764105 0.0384251654376836 0.00909208241103299 4.094898351443951E-4 4.094898351443956E-4 1.748251709311903E-4 0.09415802318832017 8.788191635708065E-4 1.748251709311903E-4 1.748251709311903E-4 1.748251709311903E-4 7.614868314642034E-4 0.004868118455195279 
0.036510290083504066 0.008304532985376204 1.6611295311005228E-4 0.046098017792749114 7.235389827173244E-4 2.775981590315063E-4 0.0011694798064031404 1.6611295311005228E-4 0.2187886017650813 0.00964235545643367 0.005628888043261315 0.03216236705256737 1.6611295311005228E-4 0.6344054494402623 0.0011694798064031387 9.465093945602336E-4 8.350241886387796E-4 5.005685708744149E-4 0.0020613614537747663 2.7759815903150633E-4 
1.633986891701475E-4 0.11739373602281991 0.10533074527754244 0.0024663332859958193 0.09403539939787375 0.001369697763697881 0.009484800628702642 0.11344584814254748 0.0010407071070084983 0.5020934772449364 3.827257936297348E-4 0.004220950121672522 4.92389345859529E-4 2.730622413999414E-4 6.020528980893226E-4 1.633986891701475E-4 0.002027679077076644 0.043809492476628194 7.117164503191165E-4 4.923893458595286E-4 
7.800311838401957E-5 1.8270529305183775E-4 7.800311838401957E-5 1.303542057179284E-4 0.0015438335637334806 0.0060460270744496876 2.8740746771965624E-4 0.13011810405581486 4.4446072972138416E-4 0.07923284716725498 2.3505638038574675E-4 4.4446072972138454E-4 1.3035420571792838E-4 5.491629043892026E-4 2.874074677196564E-4 1.3035420571792838E-4 7.800311838401957E-5 9.156205157265682E-4 0.7789574804722877 1.3035420571792843E-4 
1.3035420571792838E-4 1.303542057179289E-4 1.303542057179284E-4 6.538650790570215E-4 0.16147640536882665 1.8270529305183724E-4 7.800311838401957E-5 0.24738453968377197 0.2084876817946773 5.491629043892033E-4 7.800311838401957E-5 7.800311838401957E-5 7.800311838401957E-5 7.800311838401957E-5 7.800311838401957E-5 4.4446072972138416E-4 1.3035420571792848E-4 0.021803704361956413 0.357740631783653 2.874074677196562E-4 
1.0080644936424599E-4 0.0012509471725163169 1.6846178602024977E-4 9.126704892362954E-4 0.001995155875732354 1.684617860202498E-4 1.0080644936424599E-4 0.018706024029765362 0.53484858737842 0.0011156364992043082 1.6846178602024966E-4 0.005107301361908546 3.714277959882638E-4 0.07716023490055274 3.037724593322594E-4 5.743938059562746E-4 2.3611712267625407E-4 0.0037541946287884625 0.3512320036940248 0.0017245345291083426 
2.662034272578809E-4 8.833922064379426E-5 1.476272895151567E-4 0.004060639835025042 0.0017484051490419337 2.0691535838651877E-4 0.009633718308933151 0.09453423293272367 0.30536260583928726 0.01876408091512292 0.00821080465602041 0.001451964804685124 0.0012148125291996745 0.1035460194011707 2.6620342725788094E-4 0.04046351412204129 0.006847179071979075 0.012005241063787591 0.3910931534272771 8.833922064379426E-5 
1.0395010163146875E-4 1.0395010163146875E-4 5.923062947083414E-4 1.0395010163146875E-4 0.2250268595987513 4.5277595382923525E-4 0.0010108973173456636 0.4171601389892812 0.0023364355556971662 0.00533633788459795 1.7371527207102238E-4 5.22541124268788E-4 1.0395010163146875E-4 0.20960875693161007 1.0395010163146875E-4 1.0395010163146875E-4 3.1324561295012704E-4 1.0395010163146875E-4 0.13628556279963955 4.527759538292348E-4 
7.575757408991847E-4 7.575757408991847E-4 7.575757408991847E-4 7.575757408991847E-4 0.9805216598636409 0.0012660158468269164 7.575757408991847E-4 7.575757408991847E-4 0.0032997762705378447 7.575757408991847E-4 7.575757408991847E-4 7.575757408991847E-4 0.0012660158468269166 0.0012660158468269164 0.0012660158468269164 7.575757408991847E-4 0.0012660158468269164 7.575757408991847E-4 7.575757408991847E-4 7.575757408991847E-4 
6.171635169285549E-4 9.689922264453236E-5 0.002242989436566135 1.6193225943003504E-4 0.011607746733678507 1.6193225943003504E-4 2.2696529621553773E-4 0.3315702877183516 8.772956640705629E-4 0.34925927372400845 0.024029056759709504 2.2696529621553762E-4 9.689922264453236E-5 0.0010073617376415679 0.002112923362995124 2.919983330010403E-4 9.689922264453236E-5 2.919983330010403E-4 0.2746013474942512 4.2206440657204577E-4 
1.737152720710223E-4 0.004568921009762871 1.0395010163146875E-4 1.0395010163146875E-4 0.17933067296084385 1.7371527207102208E-4 1.7371527207102222E-4 0.24316580391303522 0.01838242475679441 0.236468347550838 1.0395010163146875E-4 9.411321469061114E-4 3.1324561295012824E-4 5.923062947083435E-4 3.132456129501272E-4 1.0395010163146875E-4 4.527759538292352E-4 1.0395010163146875E-4 0.31432627776137956 1.0395010163146875E-4 
3.304191662925345E-4 0.0063648004217395915 1.0964912036154348E-4 4.7759919691319516E-4 0.6904575827465695 3.304191662925345E-4 0.16760052396667335 6.983692428441862E-4 3.304191662925345E-4 0.00643839043704993 0.08495893677317246 3.304191662925345E-4 1.0964912036154348E-4 1.8323913567187383E-4 0.01387098198339333 1.0964912036154348E-4 1.0964912036154348E-4 1.0964912036154348E-4 0.02623410455552882 8.455492734648468E-4 
7.68049138005061E-5 5.407272222938427E-4 1.7989876013235921E-4 1.7989876013235905E-4 0.05219074423455181 0.11631511665296404 7.984618381234735E-4 0.07884050351133569 3.345395296301376E-4 2.3144568329828527E-4 2.829926064642118E-4 0.007396468003361995 0.002293322609935338 0.0027572449184286706 9.531026076212494E-4 0.001674759531944207 2.3144568329828535E-4 7.68049138005061E-5 0.7343111784892528 3.34539529630137E-4 
2.923976543213355E-4 0.003039758226131441 8.811177768520757E-4 0.0352231249244784 0.25520821071013094 0.0014698378993828127 0.06250049060173621 4.886376951649126E-4 0.4122002433849948 0.13432434555048597 0.005590878757097967 2.923976543213355E-4 4.886376951649126E-4 0.08016209427765834 0.001273597858539234 2.923976543213355E-4 4.886376951649149E-4 0.003628478348662185 2.923976543213355E-4 0.001862317981069973 
1.01832991618511E-4 1.01832991618511E-4 0.0016737516893212518 1.7017728282297926E-4 0.11697057095125739 0.001400374524503387 1.701772828229792E-4 0.11327997922621627 1.01832991618511E-4 0.21880356484591365 1.01832991618511E-4 1.01832991618511E-4 1.01832991618511E-4 1.01832991618511E-4 1.01832991618511E-4 1.01832991618511E-4 1.01832991618511E-4 0.008713213683381365 0.5376296833147531 1.7017728282297864E-4 
1.1210762081820297E-4 3.378276677792848E-4 1.1210762081820297E-4 4.883076990866729E-4 0.005529388747884184 5.635477147403667E-4 1.8734763647189698E-4 0.3291366960744219 0.0020683480278142472 0.007485629154880181 0.0012407078556236123 1.8734763647189698E-4 1.8734763647189692E-4 1.1210762081820297E-4 0.0032721882782733506 4.1306768343297854E-4 1.873476364718969E-4 0.0012407078556236125 0.6468752821799715 2.625876521255908E-4 
6.983240067594096E-5 1.6356716877905105E-4 2.1043455283060653E-4 6.983240067594096E-5 0.16907361929058315 1.1669978472749619E-4 1.1669978472749619E-4 0.5218444190466374 0.012489689174338051 0.0056001837187594165 6.983240067594096E-5 6.983240067594096E-5 1.1669978472749619E-4 1.1669978472749615E-4 1.1669978472749619E-4 5.385062411914918E-4 1.1669978472749608E-4 0.016192212514410838 0.2728380075807257 6.983240067594096E-5 
6.590055277919298E-4 9.228187902215315E-4 0.002716748974742812 0.020392237557526026 0.01353309273435635 1.8414165541864795E-4 0.036062745345844235 3.9519226536232775E-4 0.36540722216295674 0.06254959689377607 0.014166244564187495 3.9519226536232705E-4 5.007175703341692E-4 0.4124187455279116 0.03094476805470986 7.645308327637703E-4 0.02614336667849131 0.010103520322771542 0.0013449200101088923 3.9519226536232743E-4 
8.912655772621245E-5 8.912655772621245E-5 8.912655772621245E-5 3.8820897288844767E-4 0.3223803371365506 1.4894304075865894E-4 1.4894304075865872E-4 0.15650922968757508 0.197423704081769 2.087595237911058E-4 1.4894304075865872E-4 8.912655772621245E-5 8.912655772621245E-5 8.912655772621245E-5 2.685760068235538E-4 1.4894304075865886E-4 1.4894304075865864E-4 2.685760068235537E-4 0.3209447415437723 3.2839248985600217E-4 
1.6678053067067166E-4 9.980039697533677E-5 9.980039697533677E-5 0.0017073236056633744 0.6070737719441023 9.980039697533677E-5 2.33760664366006E-4 0.14692025345715 0.0036497474828280888 1.6678053067067128E-4 2.3376066436600658E-4 9.980039697533677E-5 1.6678053067067166E-4 2.3376066436600637E-4 3.6772093175667766E-4 9.980039697533677E-5 4.347010654520137E-4 9.980039697533677E-5 0.23754437434693831 5.016811991473485E-4 
2.7885433263505154E-4 6.40204851265607E-5 4.93688180143542E-4 1.0698725462825878E-4 0.6401399857519218 8.374223361571258E-4 6.655552581503338E-4 0.14374489769880477 0.01763742921132104 1.9292079363165474E-4 2.3588756313335334E-4 4.0775464114014534E-4 1.929207936316556E-4 0.006594969449384647 1.9292079363165534E-4 1.0698725462825851E-4 4.507214106418437E-4 1.9292079363165555E-4 0.1820282893248177 0.005434866672838804 
0.014796057353643104 1.845018409097306E-4 1.845018409097306E-4 0.0012989425156097393 0.013062482970776439 4.321553241763986E-4 0.02532133039247654 1.845018409097306E-4 0.43011094879184525 0.0012989425156097385 3.0832858254306307E-4 1.845018409097306E-4 0.026683424550443216 0.14518561629354362 0.0010512890323430702 4.3215532417639746E-4 0.0027848634152097466 0.04005671264684342 0.29192030512904454 0.004518437798076408 
1.1467889652517482E-4 5.764731210424163E-4 5.764731210424152E-4 0.023666184346904394 1.1467889652517482E-4 3.4557600878379384E-4 0.034672280031231975 0.002115787202766544 0.3939481867056445 0.0392132565723182 4.995074169562081E-4 5.764731210424158E-4 1.1467889652517482E-4 0.19491487593871462 0.29166076597507573 0.010197186131818239 5.764731210424159E-4 2.6861030469758765E-4 0.005656209590732051 1.916446006113809E-4 
2.9735603512072916E-4 0.1585289832659352 7.750364192137532E-4 8.94456515237012E-4 0.49481597366742514 0.0010138766112602678 1.779359390974739E-4 0.09105662901279551 2.9735603512072857E-4 0.002327497667516094 2.973560351207285E-4 2.973560351207285E-4 4.1677613114398466E-4 8.944565152370112E-4 2.973560351207297E-4 1.779359390974739E-4 2.973560351207285E-4 0.001730397187399808 0.24092884952198199 0.004477059395934698 
1.0729613494594659E-4 1.793069653782971E-4 1.0729613494594659E-4 0.003995880978292899 0.006804303365154564 0.0028437076913752535 0.002051588556619409 0.03805700377279452 0.00810049831293687 0.4275635855813783 1.7930696537829708E-4 3.233286262429985E-4 3.9533945667534996E-4 1.0729613494594659E-4 0.002339631878348808 1.0729613494594659E-4 5.393611175400509E-4 0.0059401733999663656 0.499358383522432 8.994152697018047E-4 
1.0395010163146875E-4 8.71366976466558E-4 1.7371527207102206E-4 3.8301078338967977E-4 1.737152720710223E-4 1.0395010163146875E-4 6.620714651478964E-4 0.3504646360490682 0.24860748720732037 0.0056153985663561605 2.4348044251057443E-4 0.004220095157565114 1.0395010163146875E-4 0.0015690186808620912 1.0395010163146875E-4 3.8301078338968156E-4 1.0395010163146875E-4 0.0536836009992084 0.33162804003038876 8.016018060270043E-4 
4.3103447320730364E-4 0.003613168239152562 0.006795302005097832 4.3103447320730364E-4 0.8529535988587237 0.0015881740244601242 4.3103447320730364E-4 0.0021667438000865344 0.11354142560817058 0.0021667438000865344 7.203193610205086E-4 7.203193610205087E-4 4.3103447320730364E-4 0.002745313575712945 4.3103447320730364E-4 4.3103447320730364E-4 4.3103447320730364E-4 7.203193610205087E-4 0.00882029621979026 4.3103447320730364E-4 
1.0395010163146875E-4 1.0395010163146875E-4 1.0395010163146875E-4 0.0014992535104225368 3.830107833896815E-4 0.003034087260092692 1.737152720710223E-4 0.14591315632029792 0.0107780211788832 0.4152067142169736 2.4348044251057435E-4 3.8301078338967993E-4 0.0013597231695434283 0.023963638391958683 2.4348044251057456E-4 1.7371527207102214E-4 2.434804425105745E-4 7.3183663558745E-4 0.3949050496190638 4.527759538292347E-4 
2.222261858171433E-4 4.899685819490093E-4 0.004238362127795143 4.007211165717208E-4 3.114736511944317E-4 4.899685819490082E-4 0.32811741398197636 0.25957536057221847 1.329787204398546E-4 0.006826538623736512 9.362059088354528E-4 2.2222618581714337E-4 1.329787204398546E-4 3.1147365119443203E-4 0.007362023416000241 8.469584434581649E-4 3.114736511944317E-4 3.1147365119443127E-4 0.3886271955077782 1.329787204398546E-4 
9.689922264453236E-5 9.689922264453236E-5 3.570313697865429E-4 6.171635169285586E-4 0.06441457260350668 2.2696529621553767E-4 3.57031369786543E-4 0.3671433588400216 0.0033485510619196725 0.006860335048336747 1.61932259430035E-4 2.9199833300104034E-4 2.9199833300104034E-4 0.001982857289424123 9.689922264453236E-5 9.689922264453236E-5 1.6193225943003504E-4 1.61932259430035E-4 0.5517071172372777 0.001527626031925589 
9.689922264453236E-5 1.6193225943003504E-4 9.689922264453236E-5 6.171635169285538E-4 0.0016576921054965942 9.689922264453236E-5 0.0019178242526386067 0.4062282139481087 0.16606120909924724 1.6193225943003504E-4 0.0026331876572791395 9.689922264453236E-5 1.61932259430035E-4 8.122626272850639E-4 6.821965537140578E-4 9.689922264453236E-5 0.002633187657279143 9.689922264453236E-5 0.41351191406808496 0.002177956399780623 
8.611330357455321E-4 3.676470506664004E-4 3.676470506664004E-4 3.676470506664004E-4 0.0011078760282851024 3.676470506664004E-4 6.14390043205966E-4 0.5515914923840557 8.611330357455321E-4 8.611330357455321E-4 6.14390043205966E-4 3.676470506664004E-4 0.08746792341713298 0.001354619020824666 0.2520454994410233 6.14390043205966E-4 0.010484109744788582 6.14390043205966E-4 0.08870163837983076 3.676470506664004E-4 
8.912655772621245E-5 2.6857600682355395E-4 8.912655772621245E-5 0.001644355116569835 0.14969015062187632 3.8820897288844767E-4 2.0875952379110604E-4 0.5466323320251947 5.078419389533401E-4 0.005652059479743779 1.4894304075865864E-4 1.4894304075865861E-4 3.2839248985600043E-4 0.0012854562183751551 1.4894304075865861E-4 2.6857600682355325E-4 4.480254559208939E-4 2.087595237911063E-4 0.2915150318918082 3.2839248985600124E-4 
7.235889852971067E-5 7.235889852971067E-5 7.235889852971067E-5 1.6948493899556085E-4 0.04926669839448281 1.2092191876263576E-4 2.1804795922848586E-4 0.1150210277898634 0.3865368739121474 6.55115141324817E-4 7.235889852971067E-5 1.2092191876263576E-4 2.66610979461411E-4 7.235889852971067E-5 7.235889852971067E-5 7.235889852971067E-5 7.235889852971067E-5 7.235889852971067E-5 0.4445696830904932 0.0024033838697101123 
9.689922264453236E-5 1.6193225943003504E-4 9.689922264453236E-5 7.472295904995617E-4 0.0021129233629951115 0.0027632537308501454 2.2696529621553767E-4 0.46540827742291585 0.1418689194150402 0.011087482439394449 9.423287008560677E-4 0.013038473542959537 2.2696529621553767E-4 0.0013325269215690816 2.919983330010403E-4 2.2696529621553773E-4 9.689922264453236E-5 2.9199833300104034E-4 0.3586890640579062 2.919983330010403E-4 
0.0027620030859707933 9.182092954154086E-4 9.182092954154086E-4 5.494505373043318E-4 0.5415185486862568 0.002024485569748637 0.05844457556074369 0.0012869680535264854 5.494505373043318E-4 9.182092954154086E-4 0.001655726811637561 0.05512574673774414 5.494505373043318E-4 0.06176340438374359 0.0031307618440818714 0.0012869680535264835 0.015299800861747452 0.006818349425192667 0.24356147213250498 9.182092954154086E-4 
0.0017351003037705474 0.008008014712239477 9.074409960878636E-5 3.34352426151268E-4 0.0022223169568555182 3.3435242615126814E-4 0.009104252181680619 0.14643844627000555 0.34491833032049357 0.06409883189864608 0.0020396107119486587 9.074409960878636E-5 0.008434329283688818 2.1254826288002793E-4 3.952545077868887E-4 6.997649159649923E-4 9.074409960878636E-5 0.001247883650685584 0.4093527326909801 1.5164618124440747E-4 
6.378400448590518E-4 0.0047364106690534116 8.940007088712E-4 0.008578820629235623 0.8462241919489603 3.8167938084690035E-4 6.378400448590507E-4 0.0021748040289319343 0.013958194573490752 0.07825452124054001 0.001150161372883348 0.0024309646929440726 3.8167938084690035E-4 0.005504892661089853 0.0011501613728833466 3.8167938084690035E-4 3.8167938084690035E-4 6.378400448590517E-4 0.030864798398292533 6.378400448590515E-4 
2.0746887505000027E-4 3.4670973390053144E-4 3.467097339005316E-4 0.0028530451932101144 0.29122086387266033 2.0746887505000027E-4 0.11814447632145011 0.01538472248975788 0.027220195492053043 0.00661254838217441 3.467097339005316E-4 4.8595059275106494E-4 4.8595059275106413E-4 4.8595059275106494E-4 6.251914516015957E-4 2.0746887505000027E-4 6.25191451601597E-4 3.467097339005316E-4 0.5308543819544246 0.0029922860520606455 
9.074409960878636E-5 8.215690792362338E-4 9.074409960878636E-5 8.824711608718543E-4 0.10472052034960505 2.1254826288002814E-4 3.3435242615126754E-4 0.70655489107281 0.06306349651084055 0.0011869815690499588 3.9525450778688973E-4 2.734503445156485E-4 9.074409960878636E-5 9.074409960878636E-5 9.074409960878636E-5 0.002161414875219897 3.343524261512676E-4 0.0015523940588636855 0.11464755965621125 0.0024050232017623786 
0.0011442744523444252 0.0032285630849235875 3.1055899931276015E-4 0.004062278537955253 0.6514423278170427 3.1055899931276015E-4 0.0021864187686340066 0.0026032764951498385 7.274167258285927E-4 0.0026032764951498385 0.0019779899053760904 5.189878625706764E-4 9.358455890865089E-4 0.004687565127729 0.26418149988383494 0.0017695610421181744 3.1055899931276015E-4 0.049082913001664924 0.006980282623566095 9.358455890865089E-4 
8.532423017802033E-5 8.532423017802033E-5 8.532423017802033E-5 6.007054978065421E-4 0.17119190508284607 0.0010588221801429967 1.425888154700779E-4 0.6848552351526028 0.001001557594850939 0.002261378471276207 3.716471566383082E-4 0.021330485373531393 3.1438257134625057E-4 2.5711798605419295E-4 9.442930095588853E-4 8.870284242668293E-4 1.425888154700779E-4 0.001058822180142999 0.11318288018199174 1.425888154700779E-4 
1.4450866729954606E-4 2.414943522187177E-4 2.414943522187178E-4 0.40806629943733763 0.12380125693924393 7.264227768145791E-4 1.4450866729954606E-4 0.0011143655164912662 0.018668774486861422 0.12787465570584933 2.4149435221871822E-4 3.3848003713788825E-4 1.4450866729954606E-4 1.4450866729954606E-4 3.384800371378903E-4 1.4450866729954606E-4 2.4149435221871822E-4 2.4149435221871825E-4 0.1572613182363585 0.15987993172917603 
8.389261557766435E-5 0.006221003556756416 1.4019638568022185E-4 2.5280392588533814E-4 1.4019638568022177E-4 1.9650015578277907E-4 7.032340867057968E-4 0.14011136886063807 0.0693938336118259 1.4019638568022152E-4 0.0023360434196799712 7.032340867057927E-4 1.4019638568022139E-4 0.08206218188490136 8.389261557766435E-5 0.0010410567073211436 2.5280392588533814E-4 5.90626546500682E-4 0.6953228458419575 8.389261557766435E-5 
4.760735481820552E-4 6.124843082752061E-4 2.0325202799575598E-4 4.7607354818205507E-4 0.11628880886726585 2.0325202799575598E-4 4.760735481820533E-4 0.39061084741458924 0.06486195231214861 0.0034771102702313467 4.7607354818205594E-4 2.0325202799575598E-4 2.0325202799575598E-4 2.0325202799575598E-4 3.3966278808890453E-4 2.0325202799575598E-4 6.124843082752051E-4 3.396627880889035E-4 0.419529928554337 2.0325202799575598E-4 
3.8534818371003474E-4 1.2787723500069407E-4 0.002616763072524317 6.428191324193768E-4 0.002530939422954536 1.2787723500069407E-4 1.2787723500069407E-4 5.569954828495958E-4 0.5544628298062112 1.2787723500069407E-4 1.2787723500069407E-4 1.2787723500069407E-4 5.569954828495945E-4 0.43456719135722854 2.9952453414025244E-4 2.995245341402538E-4 1.2787723500069407E-4 2.137008845704742E-4 2.1370088457047426E-4 0.0017585265768265146 
5.280300016248091E-4 1.0504201446378353E-4 4.575320037646393E-4 0.14215850770270888 0.01610808752872278 0.007859821779082626 0.0042644238882138825 0.21681588743663027 0.04578774462785465 0.009974761714887696 1.0504201446378353E-4 1.0504201446378353E-4 1.0504201446378353E-4 1.755400123239548E-4 2.460380101841263E-4 1.0504201446378353E-4 4.5753200376463826E-4 7.395239952053219E-4 0.5524568552489054 0.0014445039738070404 
8.833922064379426E-5 2.0691535838651858E-4 8.833922064379426E-5 1.4762728951515637E-4 0.1697707923304821 8.833922064379426E-5 5.626437716146892E-4 0.2641573979736906 0.0018076932179132883 0.1872014845786627 7.405079782287755E-4 8.833922064379426E-5 2.662034272578806E-4 3.8477956500060514E-4 3.8477956500060487E-4 1.4762728951515637E-4 2.0691535838651868E-4 1.476272895151567E-4 0.37336602083473974 1.4762728951515664E-4 
9.242143971252955E-5 2.1647706626059672E-4 9.242143971252955E-5 0.18065538588042443 4.025605060826986E-4 1.5444925298656296E-4 0.031478494956373775 9.608108255490002E-4 0.046799364835059955 0.002325422717577743 5.26616132630764E-4 2.16477066260597E-4 1.544492529865632E-4 2.7850487953463035E-4 0.004062201489250691 9.242143971252955E-5 9.242143971252955E-5 7.126995724528639E-4 0.7229025295220264 0.007783870285692705 
4.950494939948332E-4 0.0014917934639144055 0.002488537433833958 0.0011595454739412162 0.9759751480552765 4.950494939948332E-4 4.950494939948332E-4 0.0011595454739412143 0.0018240414538875864 8.27297483968022E-4 0.0044820253736730905 0.001159545473941212 4.950494939948332E-4 4.950494939948332E-4 4.950494939948332E-4 4.950494939948332E-4 8.272974839680194E-4 4.950494939948332E-4 0.004149777383699903 4.950494939948332E-4 
1.7017728282297913E-4 0.002903948931001685 0.010695198128310905 0.0016054073981167853 0.2338393089108963 1.701772828229791E-4 1.7017728282297926E-4 0.17171434820603565 0.004544211919908859 2.3852157402744645E-4 2.3852157402744635E-4 1.01832991618511E-4 3.7521015643638073E-4 3.7521015643638127E-4 0.0016737516893212548 3.752101564363809E-4 1.01832991618511E-4 3.0686586523191365E-4 0.5611401194890898 0.009259968013017103 
2.979278164000017E-4 1.6021079732657465E-4 3.8973916244895376E-4 0.002180060410403512 6.651732005958084E-4 2.5202214337552594E-4 0.0019046263722566567 0.4470978433636236 0.04097035411608569 0.001766909353183229 0.038629164791837374 1.1430512430209785E-4 4.356448354734296E-4 2.0611647035105065E-4 0.010397175881784649 1.1430512430209769E-4 1.6021079732657451E-4 6.839945127762204E-5 0.45361644893309905 5.73361854546857E-4 
7.923930092580685E-5 1.3242004099086937E-4 7.923930092580685E-5 1.3242004099086937E-4 0.11404556526035513 1.3242004099086937E-4 0.008003169570620125 0.2896483689551913 5.578659615113696E-4 0.07899945755747859 7.174081817065571E-4 7.923930092580685E-5 2.3878152112099445E-4 7.923930092580685E-5 7.923930092580685E-5 1.3242004099086937E-4 7.923930092580685E-5 1.856007810559319E-4 0.506253523240191 3.4514300125111955E-4 
7.747273857268993E-4 0.002573533970673887 2.7850487953463046E-4 0.001395005518467237 9.242143971252955E-5 8.367551990009337E-4 0.0026355617839479203 0.22965735836691098 0.03315324591477251 0.18450111030341468 0.0013950055184672348 9.242143971252955E-5 0.0018292002113854877 0.04748167078107437 0.013180290040533614 2.164770662605968E-4 0.008094009352062866 5.266161326307639E-4 0.4628819362772777 0.008404148418433049 
1.779359390974739E-4 4.1677613114398645E-4 1.779359390974739E-4 1.779359390974739E-4 0.0013721368993300392 4.167761311439862E-4 2.973560351207285E-4 0.8063830041921001 0.0022080775714928393 0.013075306309609125 1.779359390974739E-4 0.0023274976675160914 1.779359390974739E-4 4.167761311439857E-4 1.779359390974739E-4 5.361962271672428E-4 0.002805178051609117 4.167761311439848E-4 0.16641070960347024 0.0018498172834230647 
6.578947223304975E-4 6.578947223304975E-4 0.008164076285823867 0.0015409749062708896 0.5190259626953425 0.016111797941287358 6.578947223304975E-4 0.0028655951821814924 0.0019825149982410956 0.17330007068267744 6.578947223304975E-4 0.006397915917943042 6.578947223304975E-4 0.008605616377794062 0.0019825149982410977 0.03642264217191638 0.001982514998241098 0.0028655951821814954 0.21436329923590566 0.0010994348143006946 
1.1210762081820297E-4 2.6258765212559094E-4 2.6258765212559094E-4 4.883076990866729E-4 0.1241076534181058 1.1210762081820297E-4 1.8734763647189698E-4 0.0010149878086625306 4.883076990866728E-4 0.007711349201841268 2.625876521255908E-4 8.645077773551426E-4 1.1210762081820297E-4 1.8734763647189698E-4 1.1210762081820297E-4 1.1210762081820297E-4 2.6258765212559094E-4 0.0014664279025846944 0.8617607668869218 1.1210762081820297E-4 
8.319467368431331E-5 6.415482008243085E-4 8.319467368431331E-5 0.08523210756253374 0.1143781616792416 1.3903002639831298E-4 0.07065908050417986 0.01041273492577425 0.01778300148402222 0.010971088452914257 4.7404214268231023E-4 8.319467368431331E-5 1.3903002639831363E-4 1.3903002639831344E-4 2.5070073182631154E-4 4.182067899683094E-4 2.5070073182631273E-4 1.3903002639831344E-4 0.6812744977844797 0.00644842488308029 
1.2468827652169567E-4 2.0837168545370627E-4 1.2468827652169567E-4 0.0015473062283658779 3.7573850331772737E-4 1.2468827652169567E-4 0.0010452057747738146 0.18874709200927348 2.0837168545370625E-4 0.0029699241802100588 2.0837168545370627E-4 3.757385033177266E-4 1.2468827652169567E-4 0.0026351905444819985 4.594219122497361E-4 2.9205509438571674E-4 1.2468827652169567E-4 0.0010452057747738193 0.7987991431236312 4.5942191224973577E-4 
