7.547642893590641E-5 0.007446868119747218 0.0018284839000718962 0.8575152527081479 2.049288069169418E-4 4.083268050751077E-5 0.0016675497705189422 0.0015374438709620194 3.6770692313974805E-4 1.1044481480916728E-4 0.017119577352104738 0.0010737899113493078 4.3485964344019463E-4 1.1110170057897883E-4 5.1748625631732666E-5 2.4413343895859904E-4 4.3139758263124325E-4 1.733878690519659E-5 0.10931166016312471 4.094047715182419E-4 
0.03909665202198002 0.6032266257951742 1.698809141852129E-4 8.261301555022905E-4 2.038795383669914E-4 9.166002858541556E-5 0.023565252593529692 0.0026614307126153346 0.05035956654393106 2.049507593016802E-5 1.9621449169269288E-4 1.3134900027087786E-4 0.1473971550232882 0.049597193834947484 3.4500521247438E-5 8.693483809547219E-4 3.383253498428722E-5 6.231179623180952E-5 0.08143602596065172 2.049507593016802E-5 
0.0058624976705293486 2.577775149778999E-5 1.5581140443370755E-5 7.158422285344444E-5 5.047288732438037E-4 0.15393350485679708 0.004264475742671442 6.804409725621135E-5 2.1578991557831467E-4 1.5581140443370755E-5 3.6697742036395706E-5 3.676313145472953E-5 0.001664959334352502 0.0124552599766059 0.7347370474999176 8.878291440026128E-5 0.0030217069609856147 3.6712782118497886E-5 0.08292892310637066 1.5581140443370755E-5 
2.616829736360589E-5 2.0031288252930066E-4 0.5370725344752642 0.04516655446197596 0.04705607980480553 0.01938004706923611 5.7454914686731206E-5 0.054308132265516416 3.0383343257559285E-5 0.06891449060551384 0.02777316726187259 8.149384695632621E-5 0.0453443073194831 1.0282207395111467E-4 5.960402551755273E-6 0.1467186878265842 0.006821775222341673 6.252176273949722E-5 2.1449461854756575E-5 8.556567015156816E-4 
0.04699279387227681 3.0798094744135607E-4 1.1947110529159697E-5 2.5717310441040233E-4 2.827501696573262E-5 4.7085985820384994E-5 0.9505498460580512 5.1780412645034566E-5 9.450246940173425E-5 2.9020143843866668E-5 2.036583781969005E-5 4.367262580375884E-5 3.60017935137256E-5 8.170639343810594E-5 8.471270475788036E-5 0.0011056641177157101 1.9804063697045765E-5 2.85759742457363E-5 5.3212539673343474E-5 1.558788279495772E-4 
7.767924865767115E-6 3.403402399037894E-5 3.6295780878599956E-4 9.543308614186731E-5 6.967591803131046E-4 0.09188093175956605 7.767924865767115E-6 0.004239112916247641 1.2863133942593672E-5 5.74853487554089E-5 5.190642008834906E-4 6.0741477012463966E-5 1.321242766873696E-4 3.436973416554939E-5 0.1168908622605435 3.436643776836735E-4 0.7831637317213171 1.3110552947280438E-5 7.767924865767115E-6 0.001439450366419403 
4.1761308240214544E-5 0.4677060375488247 0.001525819162277877 8.1853138051448E-5 0.04868888784472456 6.204336309844736E-4 1.8343969105443104E-5 0.18660270392109116 0.05863680617390692 2.492983128048902E-4 0.011351880288448192 0.0022286933148709057 9.8188556690917E-4 4.971192097029116E-4 4.1180722398696244E-5 0.2192778273551735 8.398685827264414E-4 2.9027524336294606E-5 3.190327888483584E-4 2.6153963657363444E-4 
0.998951651692109 3.089212518913559E-5 3.156307426361773E-5 4.0958916382306324E-5 3.2537394877454876E-5 8.316946691571959E-5 3.542632741145623E-4 3.112053075089272E-5 5.8651822893757426E-5 2.3304541915375403E-5 1.3760444367002525E-5 1.3760444367002525E-5 2.3957055421421742E-5 1.7300599549410843E-4 2.198319540352533E-5 3.146397746120649E-5 1.3760444367002525E-5 1.3760444367002525E-5 3.249357207877523E-5 2.3941587261448306E-5 
0.1426884206493412 4.777799522665763E-4 1.8437242191474944E-5 3.111023723992173E-4 9.5550898172241E-5 2.1146238239959155E-4 0.10381554916201322 1.4067645411669293E-4 1.7499915684038818E-4 1.8437242191474944E-5 9.219914716439069E-5 2.6436895408027574E-4 1.069090374450558E-4 0.03323659869048077 2.99290405271393E-4 0.008659359642562908 1.043779648269E-4 1.8307902936557684E-4 0.7056223105960068 0.0034790910208637397 
5.513760388793281E-5 0.052639203991433715 4.431222458206088E-5 3.1660829036276277E-4 0.0010787444745790676 4.123186143673143E-4 2.7268967424428736E-4 0.005168532200206094 0.5682608640071262 7.977510605685895E-5 0.009668981732740556 1.8499292537544555E-4 5.4950567050133114E-5 0.0024850868417968124 1.5132059805887173E-5 0.21849968761755928 6.232307044196608E-4 1.1910976628290882E-4 0.13979058222598276 2.3005937214048297E-4 
1.2668715860282823E-5 2.65351904674629E-4 5.997174335289653E-4 0.007704706962313952 0.010033527897828319 5.176819876294417E-4 1.2668715860282823E-5 2.4549471999590525E-4 8.073260894683141E-4 0.6574633352463093 1.1812866640241898E-4 0.07551988576338646 0.025124785684054695 1.780817139818398E-4 2.13152108306665E-5 0.1997568638819703 0.021112027201320157 1.237687763403859E-4 5.669960219975716E-5 3.2596382604411714E-4 
1.3078597136985821E-5 1.446697816760147E-4 1.5600518886330227E-4 0.003569503353940327 0.07398037995564175 0.4082074661231986 3.0771089816835305E-5 1.3516041595259303E-4 0.01067987309830315 8.138502352071569E-4 1.8969456648489585E-4 0.0013193858077774326 0.30391197208053167 4.7760486647017046E-5 0.1257595050210044 0.06340550485459101 0.00510402465541509 5.735895192723872E-5 3.083593953000209E-5 0.002443199796354458 
1.9226398239608055E-4 8.269105015933651E-4 8.857742092020829E-5 6.481165382793961E-5 0.002303103725276403 8.829966118494795E-5 0.00551285104510026 0.005353276143635567 4.143402872339521E-4 1.7567321798502033E-5 0.001106812711312052 2.9101701666161455E-4 1.119500388668595E-4 1.932189465405044E-4 5.286013999584944E-5 7.589795792464008E-5 0.002074823767121947 1.4721756044134337E-4 0.0012797290764101515 0.9798044710417579 
8.426912147562772E-5 0.006730636823335617 1.9732565310197497E-4 0.0038247560422143153 0.0026026189692775876 0.017336434520235904 0.004468133362697202 1.2753396602154698E-4 0.1940215747805781 1.7169759400150486E-4 2.4049317468889184E-4 1.7342041664813147E-4 0.46845208180176146 0.016947230603114486 0.10099038779708394 0.1426861615769356 0.011819110243896877 5.983210380655664E-5 0.026105558438369526 0.0029607430107551702 
3.973148009388462E-5 2.857607695230694E-4 0.0014819433334021135 0.07911418910283356 0.05625634553295716 0.03133318980447744 1.820656974687082E-5 0.04002099755917027 0.0010648749220490015 3.606952401716197E-4 0.1164182664529413 0.5402785123630818 0.004786757840871253 6.231056262316829E-5 1.8975628188077057E-5 0.11427004054993879 0.0014563160725810857 3.368708716541828E-5 6.658253278294238E-5 0.012632616595401087 
1.2450347214511435E-5 0.07967403680621715 0.0013642259045335812 0.027477004186986936 5.359658602371034E-5 6.272252808331461E-5 3.633073215155474E-4 0.004766403937524935 0.08047174168381813 6.765647532223298E-5 0.713947403613069 3.262427987774807E-5 0.013874631392865313 2.9665285012082216E-4 3.306868966427589E-5 0.07703770810148224 3.7708361925567694E-5 1.2909761639944375E-4 9.892023921812226E-5 1.9903907813767678E-4 
5.527379171638032E-5 0.001768769601387961 0.01508212859199699 0.027730825922263225 3.6273267116929055E-4 1.3105543156569384E-4 6.615106346966322E-5 0.6487787716433334 0.0024681285218596553 0.2626388857608661 0.0021468326863524727 5.389068199868366E-4 2.3422531501674618E-4 1.3133646958621874E-5 3.903975631018558E-5 9.271943330881479E-5 1.0237700190120914E-4 2.176901674247642E-5 4.906196278310429E-5 0.037679211361011086 
9.94949806526112E-5 0.013012549687249303 7.083783276613199E-4 0.002223377646124729 0.7207334680821488 0.014316096170625693 0.001567271658212938 0.001751959630035926 1.9002703837908764E-4 1.0327282445575543E-4 0.022680172737796694 5.006919544700714E-5 0.014629609950987965 9.205571425598266E-4 2.197392326245212E-5 0.1902484994302953 0.004657205333314036 2.197392326245212E-5 3.059414921193945E-4 0.011758100825409467 
0.09241412387176735 0.02684306872686635 1.0125107417236956E-4 0.004851324099410754 2.2943951708030046E-4 8.950534748028275E-5 0.09359206049786092 2.4232879424657334E-5 0.026011650212341107 3.573566245466655E-5 3.681878483055611E-5 4.453410518667723E-5 0.01617714736741071 0.6231181897584878 4.289448534579167E-5 0.0072820142073738775 1.6562576902428913E-5 2.3113248900995243E-5 0.10865147923785196 4.1485433885039884E-4 
1.0610922399795162E-5 0.019972789822403893 6.532254533328384E-4 0.03479631647927047 0.016194040255399958 6.623282388947196E-5 1.0610922399795162E-5 0.022776453255332254 7.864809160468819E-5 0.004000209147795659 0.010503750028089037 0.0025548678689045275 3.082130540003915E-4 4.5459002729160213E-5 1.7888529639011917E-5 0.021085275882951466 2.155931385504608E-4 0.8659063048650578 5.442012415483261E-5 7.490903320945735E-4 
