ECTM_k_1: 0.216809421842
ECTM_k_5: 0.487152034261
ECTM_k_10: 0.540685224839
ECTM_k_15: 0.605995717345
ECTM_k_20: 0.642933618844
ECTM_k_25: 0.600107066381
ECTM_k_30: 0.642933618844
CorrLDA2_k_1: 0.216809421842
CorrLDA2_k_5: 0.622591006424
CorrLDA2_k_10: 0.773554603854
CorrLDA2_k_15: 0.855460385439
CorrLDA2_k_20: 0.882226980728
CorrLDA2_k_25: 0.894004282655
CorrLDA2_k_30: 0.86670235546
CorrLDA2_k_35: 0.892933618844
LDA_k_1: 0.216809421842
LDA_k_5: 0.662740899358
LDA_k_10: 0.847430406852
LDA_k_15: 0.881691648822
LDA_k_20: 0.865631691649
LDA_k_25: 0.867237687366
LDA_k_30: 0.878479657388
LDA_k_35: 0.894004282655