ECTM_k_1: 0.216809421842
ECTM_k_5: 0.487152034261
ECTM_k_10: 0.540685224839
ECTM_k_15: 0.605995717345
ECTM_k_20: 0.642933618844
ECTM_k_25: 0.600107066381
ECTM_k_30: 0.642933618844
CorrLDA2_k_1: 0.216809421842
CorrLDA2_k_5: 0.622591006424
CorrLDA2_k_10: 0.773554603854
CorrLDA2_k_15: 0.855460385439
CorrLDA2_k_20: 0.882226980728
CorrLDA2_k_25: 0.894004282655
CorrLDA2_k_30: 0.86670235546
CorrLDA2_k_35: 0.892933618844
LDA_k_1: 0.216809421842
LDA_k_5: 0.662740899358
LDA_k_10: 0.847430406852
LDA_k_15: 0.881691648822
LDA_k_20: 0.865631691649
LDA_k_25: 0.867237687366
LDA_k_30: 0.878479657388
LDA_k_35: 0.894004282655


ECTM_k_1: 
Accuracy:  0.216809421842 F-1:  0.0395952485702 Precision:  0.0240899357602 Recall:  0.111111111111
ECTM_k_5: 
Accuracy:  0.487152034261 F-1:  0.305079192312 Precision:  0.266217294632 Recall:  0.361822437064
ECTM_k_10: 
Accuracy:  0.540685224839 F-1:  0.405134555036 Precision:  0.47450261226 Recall:  0.465163248468
ECTM_k_15: 
Accuracy:  0.605995717345 F-1:  0.474039699283 Precision:  0.456931672388 Recall:  0.503305642028
ECTM_k_20: 
Accuracy:  0.642933618844 F-1:  0.517862393123 Precision:  0.549651458795 Recall:  0.543942797557
ECTM_k_25: 
Accuracy:  0.600107066381 F-1:  0.514355039623 Precision:  0.510315875941 Recall:  0.527733847585
ECTM_k_30: 
Accuracy:  0.642933618844 F-1:  0.551900629564 Precision:  0.554028377051 Recall:  0.560379176215

CorrLDA2_k_1: 
Accuracy:  0.216809421842 F-1:  0.0395952485702 Precision:  0.0240899357602 Recall:  0.111111111111
CorrLDA2_k_5: 
Accuracy:  0.622591006424 F-1:  0.411032850062 Precision:  0.533193271444 Recall:  0.486676155396
CorrLDA2_k_10: 
Accuracy:  0.773554603854 F-1:  0.64343631663 Precision:  0.67997166533 Recall:  0.688041211394
CorrLDA2_k_15: 
Accuracy:  0.855460385439 F-1:  0.815534269985 Precision:  0.820947957983 Recall:  0.824640274616
CorrLDA2_k_20: 
Accuracy:  0.882226980728 F-1:  0.855559953828 Precision:  0.858407780082 Recall:  0.864434726328
CorrLDA2_k_25: 
Accuracy:  0.894004282655 F-1:  0.872585497796 Precision:  0.874822200486 Recall:  0.875459261037
CorrLDA2_k_30: 
Accuracy:  0.86670235546 F-1:  0.823217331324 Precision:  0.829499951447 Recall:  0.825720243178
CorrLDA2_k_35: 
Accuracy:  0.892933618844 F-1:  0.864634435882 Precision:  0.870260842363 Recall:  0.865713036306

LDA_k_1: 
Accuracy:  0.216809421842 F-1:  0.0395952485702 Precision:  0.0240899357602 Recall:  0.111111111111
LDA_k_5: 
Accuracy:  0.662740899358 F-1:  0.476181381459 Precision:  0.503167566423 Recall:  0.527874853507
LDA_k_10: 
Accuracy:  0.847430406852 F-1:  0.761579598158 Precision:  0.827986840237 Recall:  0.785577059494
LDA_k_15: 
Accuracy:  0.881691648822 F-1:  0.85161356381 Precision:  0.857027827149 Recall:  0.85826143583
LDA_k_20: 
Accuracy:  0.865631691649 F-1:  0.829189744872 Precision:  0.833231214371 Recall:  0.837624993717
LDA_k_25: 
Accuracy:  0.867237687366 F-1:  0.821504642948 Precision:  0.828538730857 Recall:  0.824852175922
LDA_k_30: 
Accuracy:  0.878479657388 F-1:  0.853304893133 Precision:  0.856317401775 Recall:  0.85939190347
LDA_k_35: 
Accuracy:  0.894004282655 F-1:  0.867812605379 Precision:  0.865455987942 Recall:  0.873440021648