ECTM_k_1: 0.216809421842
ECTM_k_5: 0.487152034261
ECTM_k_10: 0.541220556745
ECTM_k_15: 0.605460385439
ECTM_k_20: 0.642398286938
ECTM_k_25: 0.600642398287
ECTM_k_30: 0.644004282655
CorrLDA2_k_1: 0.216809421842
CorrLDA2_k_5: 0.622591006424
CorrLDA2_k_10: 0.772483940043
CorrLDA2_k_15: 0.855460385439
CorrLDA2_k_20: 0.881691648822
CorrLDA2_k_25: 0.894004282655
CorrLDA2_k_30: 0.867237687366
CorrLDA2_k_35: 0.892933618844