F1,F2,F3,F4,F5,F6,F7,F8,F9,F10,F11,F12,F13,F14,F15,Label
0.014531660192327772,0.014531660192327772,0.8315728064319666,0.014531660192327772,0.014531660192327772,0.008695652004901749,0.014531660192327772,0.008695652004901749,0.008695652004901749,0.008695652004901749,0.026203676567179902,0.008695652004901749,0.008695652004901749,0.008695652004901749,0.008695652004901749,0
0.014531660192327772,0.008695652004901749,0.650656552621761,0.008695652004901749,0.014531660192327772,0.008695652004901749,0.008695652004901749,0.008695652004901749,0.008695652004901749,0.008695652004901749,0.09623577481629146,0.04954770931688389,0.08456375844143946,0.014531660192327772,0.014531660192327772,0
0.008695652004901749,0.008695652004901749,0.008695652004901749,0.008695652004901749,0.5105923561235375,0.008695652004901749,0.15459585669055173,0.07872775025401353,0.008695652004901749,0.014531660192327772,0.008695652004901749,0.020367668379753918,0.13125182394084775,0.020367668379753873,0.008695652004901749,0
0.014531660192327772,0.008695652004901749,0.4172162251247216,0.008695652004901749,0.014531660192327772,0.008695652004901749,0.008695652004901749,0.008695652004901749,0.10790779119114367,0.07289174206658773,0.008695652004901749,0.03203968475460591,0.1604318648779777,0.02036766837975384,0.10790779119114363,0
0.001626016224704756,0.002717302305945728,0.0027173023059457275,0.005991160549668621,0.001626016224704756,0.002717302305945728,0.9630490537979993,0.0027173023059457284,0.0027173023059457275,0.0027173023059457275,0.002717302305945728,0.001626016224704756,0.001626016224704756,0.002717302305945734,0.002717302305945728,0
0.0019417475306782162,0.00454812011333547,0.020186355609278988,0.0019417475306782162,0.0019417475306782162,0.0019417475306782162,0.0019417475306782162,0.0032449338220068426,0.0019417475306782162,0.4984557245268856,0.0019417475306782162,0.3955040075119238,0.06058513064046601,0.0019417475306782162,0.0019417475306782162,0
0.004651162693989232,0.004651162693989232,0.02025909154617314,0.06396129233228792,0.007772748464425991,0.014015920005299535,0.014015920005299531,0.007772748464425991,0.01713750577573645,0.007772748464425997,0.007772748464426003,0.6945216179605193,0.11078507888883987,0.004651162693989232,0.020259091546173207,0
0.004651162693989232,0.004651162693989232,0.004651162693989232,0.8911815214980376,0.004651162693989232,0.004651162693989232,0.04835336348010418,0.004651162693989232,0.004651162693989232,0.004651162693989232,0.004651162693989232,0.004651162693989232,0.004651162693989232,0.004651162693989232,0.004651162693989232,0
0.04954770931688384,0.0612197256917358,0.06121972569173562,0.07872775025401366,0.06705573387916179,0.055383717504309704,0.06705573387916171,0.0378756929420319,0.10207178300371744,0.04954770931688389,0.026203676567179836,0.09039976662886558,0.09039976662886574,0.11374379937856959,0.049547709316883876,0
0.047917332461134776,0.05430915094029336,0.003174603107024218,0.003174603107024218,0.7531479713283049,0.003174603107024218,0.01808884622506112,0.041525513981976125,0.003174603107024218,0.005305209266743763,0.003174603107024218,0.003174603107024218,0.005305209266743763,0.02021945238478065,0.03513369550281743,0
7.067137652898976E-4,7.067137652898976E-4,7.067137652898976E-4,0.4029169730680283,7.067137652898976E-4,7.067137652898976E-4,0.052405909831325766,7.067137652898976E-4,7.067137652898976E-4,7.067137652898976E-4,7.067137652898976E-4,7.067137652898976E-4,0.5361965519171668,7.067137652898976E-4,7.067137652898976E-4,0
0.007435815426463286,0.2758921915511262,0.4612549274467266,0.013827633905621901,0.0074358154264632945,0.005305209266743763,0.007435815426463292,0.003174603107024218,0.07561521253748864,0.011697027745902311,0.003174603107024218,0.03300308934309789,0.06283157557917152,0.003174603107024218,0.028741877023658782,0
0.0024096385023039727,0.08165278565130818,0.0040268455869775415,0.008878466840998233,0.6703161644724814,0.0024096385023039727,0.1786852107317217,0.02181612351838671,0.0024096385023039727,0.012112881010345336,0.0024096385023039727,0.0024096385023039727,0.004026845586977538,0.0024096385023039727,0.004026845586977546,0
8.968609667703601E-4,8.968609667703601E-4,0.9717940232053272,0.0014987810921507413,8.968609667703601E-4,0.00210070121753113,0.009323742722095671,8.968609667703601E-4,0.0014987810921507402,0.001498781092150739,0.0021007012175311267,8.968609667703601E-4,0.003906461593672253,8.968609667703601E-4,8.968609667703601E-4,0
0.008695652004901749,0.008695652004901749,0.08456375844143968,0.008695652004901749,0.008695652004901749,0.008695652004901749,0.008695652004901749,0.008695652004901749,0.008695652004901749,0.008695652004901749,0.008695652004901749,0.008695652004901749,0.8023927654948366,0.008695652004901749,0.008695652004901749,0
0.008695652004901749,0.008695652004901749,0.8432448228068186,0.008695652004901749,0.008695652004901749,0.008695652004901749,0.014531660192327772,0.008695652004901749,0.026203676567179802,0.014531660192327772,0.008695652004901749,0.008695652004901749,0.014531660192327772,0.008695652004901749,0.008695652004901749,0
0.028741877023658807,0.003174603107024218,0.007435815426463298,0.003174603107024218,0.005305209266743765,0.003174603107024218,0.003174603107024218,0.003174603107024218,0.003174603107024218,0.022350058544500177,0.005305209266743766,0.1310109726901963,0.7616703959671823,0.015958240065341474,0.003174603107024218,0
0.09517715003665576,0.010894334234862737,0.007772748464425991,0.004651162693989232,0.007772748464425993,0.004651162693989232,0.007772748464425991,0.02338067731660996,0.007772748464425991,0.0265022630870468,0.1950678946906329,0.01713750577573638,0.5384423294386793,0.04523177770966729,0.0077727484644259945,0
0.002717302305945728,0.001626016224704756,0.002717302305945734,0.001626016224704756,0.001626016224704756,0.3093686911346592,0.001626016224704756,0.001626016224704756,0.004899874468427642,0.002717302305945728,0.060555464611717465,0.6018333609072402,0.0038085883871866906,0.001626016224704756,0.001626016224704756,0
0.0024096385023039727,0.005644052671651137,0.0024096385023039727,0.0024096385023039727,0.02019891643371315,0.0024096385023039727,0.10914530609075845,0.7576453470448541,0.0024096385023039727,0.0024096385023039727,0.0024096385023039727,0.0024096385023039727,0.08326999273598168,0.0024096385023039727,0.0024096385023039727,0
0.008695652004901749,0.008695652004901749,0.22462795493966367,0.18377589762768204,0.008695652004901749,0.17210388125283008,0.008695652004901749,0.008695652004901749,0.17210388125282988,0.008695652004901749,0.008695652004901749,0.014531660192327772,0.15459585669055184,0.008695652004901749,0.008695652004901749,0
0.014531660192327772,0.020367668379753876,0.014531660192327772,0.05538371750430982,0.008695652004901749,0.020367668379753807,0.014531660192327772,0.01453166019232777,0.21879194675223795,0.02036766837975377,0.014531660192327772,0.02036766837975383,0.026203676567179836,0.03787569294203188,0.4989203397486855,0
0.09039976662886555,0.008695652004901749,0.008695652004901749,0.008695652004901749,0.014531660192327772,0.008695652004901749,0.008695652004901749,0.008695652004901749,0.008695652004901749,0.11374379937856952,0.008695652004901749,0.5981324789349273,0.09623577481629152,0.008695652004901749,0.008695652004901749,0
0.008695652004901749,0.008695652004901749,0.008695652004901749,0.008695652004901749,0.014531660192327758,0.008695652004901749,0.008695652004901749,0.691508609933743,0.008695652004901749,0.008695652004901749,0.008695652004901749,0.008695652004901749,0.1837758976276818,0.014531660192327772,0.008695652004901749,0
0.003174603107024218,0.003174603107024218,0.9065516148281118,0.007435815426463287,0.003174603107024218,0.007435815426463301,0.003174603107024218,0.003174603107024218,0.013827633905621922,0.003174603107024218,0.003174603107024218,0.003174603107024218,0.03300308934309789,0.003174603107024218,0.003174603107024218,0
0.004651162693989232,0.004651162693989232,0.004651162693989232,0.004651162693989232,0.004651162693989232,0.004651162693989232,0.004651162693989232,0.004651162693989232,0.9099110361206584,0.004651162693989232,0.004651162693989232,0.004651162693989232,0.023380677316610008,0.004651162693989232,0.01089433423486276,0
0.004651162693989232,0.007772748464425996,0.014015920005299583,0.004651162693989232,0.004651162693989232,0.004651162693989232,0.588387701765668,0.22940533816543754,0.004651162693989232,0.004651162693989232,0.004651162693989232,0.007772748464425991,0.09829873580709254,0.014015920005299567,0.007772748464425991,0
0.03313657311110149,0.049308643957836906,0.04930864395783701,0.08488719982065518,0.033136573111101596,0.0024096385023039727,0.03798819436512219,0.07194954314326668,0.2627799791347464,0.047691436873163434,0.02181612351838669,0.0865044069053287,0.10429368483673791,0.07194954314326683,0.04283981561914274,0
0.06121972569173574,0.008695652004901749,0.008695652004901749,0.008695652004901749,0.02036766837975382,0.008695652004901749,0.36469215143788775,0.008695652004901749,0.014531660192327772,0.061219725691735685,0.008695652004901749,0.30049606137620183,0.10790779119114353,0.008695652004901749,0.008695652004901749,0
0.056439757100012825,0.015958240065341467,0.05857036325973236,0.007435815426463284,0.003174603107024218,0.003174603107024218,0.005305209266743763,0.005305209266743763,0.003174603107024218,0.01595824006534147,0.003174603107024218,0.06070096941945184,0.7488867590088654,0.009566421586182771,0.003174603107024218,0
0.008695652004901749,0.008695652004901749,0.008695652004901749,0.008695652004901749,0.44056025787442554,0.008695652004901749,0.19544791400253397,0.10207178300371757,0.014531660192327761,0.008695652004901749,0.008695652004901749,0.026203676567179927,0.14292384031569996,0.008695652004901749,0.008695652004901749,0
0.043711701129457915,0.008695652004901749,0.008695652004901749,0.008695652004901749,0.008695652004901749,0.008695652004901749,0.008695652004901749,0.026203676567179812,0.008695652004901749,0.020367668379753765,0.29466005318877564,0.008695652004901749,0.46974029881155555,0.06705573387916185,0.008695652004901749,0
0.0282849518570809,0.007261259756324661,0.005644052671651094,0.07194954314326689,0.004026845586977542,0.004026845586977546,0.005644052671651135,0.04283981561914283,0.01858170934903959,0.0024096385023039727,0.0024096385023039727,0.6800194069805232,0.12046575568347363,0.004026845586977546,0.0024096385023039727,0
0.004651162693989232,0.01713750577573635,0.057718120791414376,0.1857031373793226,0.11702825042971332,0.004651162693989232,0.02025909154617317,0.09205556426621907,0.010894334234862777,0.04835336348010415,0.03898860616879375,0.035867020398357055,0.10142032157752934,0.07020446387316143,0.1950678946906329,0
0.008695652004901749,0.008695652004901749,0.008695652004901749,0.008695652004901749,0.020367668379753807,0.008695652004901749,0.008695652004901749,0.008695652004901749,0.02620367656717983,0.008695652004901749,0.020367668379753772,0.8315728064319666,0.008695652004901749,0.014531660192327772,0.008695652004901749,0
0.004026845586977542,0.007261259756324673,0.00726125975632468,0.0024096385023039727,0.004026845586977546,0.00726125975632468,0.005644052671651137,0.00402684558697754,0.0024096385023039727,0.0024096385023039727,0.005644052671651112,0.010495673925671797,0.9290692980202515,0.00564405267165111,0.0024096385023039727,0
0.19818948046106968,0.014015920005299562,0.010894334234862777,0.042110191939230567,0.01713750577573638,0.004651162693989232,0.010894334234862777,0.017137505775736316,0.04835336348010413,0.0764476354140351,0.251256438558495,0.03274543462792025,0.026502263087046708,0.2387700954767479,0.010894334234862751,0
0.0013986013679960498,0.0023372600252156784,0.3083399822788104,0.005153235996874537,0.007030553311313762,0.0013986013679960498,0.0013986013679960498,0.0013986013679960498,0.661275637393385,0.0013986013679960498,0.0013986013679960498,0.0013986013679960498,0.003275918682435298,0.0013986013679960498,0.0013986013679960498,0
0.003174603107024218,0.0756152125374888,0.005305209266743763,0.003174603107024218,0.6870991803769992,0.005305209266743763,0.16297006508599005,0.015958240065341567,0.003174603107024218,0.005305209266743765,0.003174603107024218,0.01382763390562193,0.00956642158618283,0.003174603107024218,0.003174603107024218,0
0.017137505775736365,0.004651162693989232,0.01089433423486275,0.014015920005299531,0.014015920005299522,0.004651162693989232,0.08893397849578229,0.014015920005299573,0.023380677316609946,0.004651162693989232,0.0077727484644260075,0.513469643275185,0.2606211958698053,0.014015920005299552,0.007772748464425991,0
0.001226993838109987,0.0036974512854967717,0.7308354266330068,0.001226993838109987,0.001226993838109987,0.24909622439258444,0.001226993838109987,0.002050479653905583,0.002050479653905583,0.001226993838109987,0.001226993838109987,0.001226993838109987,0.001226993838109987,0.001226993838109987,0.001226993838109987,0
0.0019417475306782162,0.0019417475306782162,0.0019417475306782162,0.0019417475306782162,0.0032449338220068426,0.0019417475306782162,0.0032449338220068426,0.014973610443964482,0.5636150390933158,0.0032449338220068426,0.0019417475306782162,0.38507851718129477,0.011064051569978601,0.0019417475306782162,0.0019417475306782162,0
0.5806244543726492,0.008695652004901749,0.008695652004901749,0.008695652004901749,0.008695652004901749,0.008695652004901749,0.008695652004901749,0.008695652004901749,0.008695652004901749,0.032039684754605884,0.026203676567179927,0.06705573387916171,0.008695652004901749,0.20711993037738602,0.008695652004901749,0
0.014015920005299588,0.014015920005299535,0.8318713918597386,0.007772748464425991,0.010894334234862779,0.007772748464425991,0.014015920005299538,0.004651162693989232,0.023380677316609946,0.01401592000529955,0.007772748464425991,0.014015920005299538,0.01089433423486276,0.010894334234862763,0.014015920005299522,0
0.003174603107024218,0.003174603107024218,0.9555555565016608,0.003174603107024218,0.003174603107024218,0.003174603107024218,0.003174603107024218,0.003174603107024218,0.003174603107024218,0.003174603107024218,0.003174603107024218,0.003174603107024218,0.003174603107024218,0.003174603107024218,0.003174603107024218,0
0.0019417475306782162,0.009760865278649975,0.0019417475306782162,0.0032449338220068426,0.0019417475306782162,0.0032449338220068426,0.0019417475306782162,0.0019417475306782162,0.9545709264919036,0.0045481201133354705,0.005851306404664096,0.0019417475306782162,0.0019417475306782162,0.0032449338220068426,0.0019417475306782162,0
0.01131825336114567,8.230452493203358E-4,0.0024801833722401115,0.0013754246236269325,0.0019278039979335265,0.06766094954041872,0.0013754246236269325,0.0013754246236269325,0.0019278039979335208,0.0019278039979335208,8.230452493203358E-4,0.47863120402452575,0.42670754283970624,8.230452493203358E-4,8.230452493203358E-4,0
0.008695652004901749,0.008695652004901749,0.02620367656717976,0.09039976662886544,0.008695652004901749,0.6389845362469092,0.008695652004901749,0.008695652004901749,0.1487598485031258,0.008695652004901749,0.008695652004901749,0.008695652004901749,0.008695652004901749,0.008695652004901749,0.008695652004901749,0
0.08200703101664703,0.003174603107024218,0.003174603107024218,0.011697027745902318,0.050047938620854264,0.007435815426463284,0.5997443278284967,0.026611270863939225,0.005305209266743763,0.04791733246113469,0.003174603107024218,0.13740279116935508,0.011697027745902316,0.007435815426463286,0.003174603107024218,0
0.0032449338220068434,0.026702287065922124,0.09316478792368188,0.0019417475306782162,0.0032449338220068434,0.005851306404664096,0.0019417475306782162,0.0019417475306782162,0.3381638106934638,0.03843096368787957,0.00454812011333547,0.2417280251351454,0.2052388089779447,0.005851306404664096,0.028005473357250725,0
0.004651162693989232,0.004651162693989232,0.004651162693989232,0.004651162693989232,0.007772748464425991,0.004651162693989232,0.004651162693989232,0.9317621365137159,0.004651162693989232,0.004651162693989232,0.004651162693989232,0.004651162693989232,0.004651162693989232,0.004651162693989232,0.004651162693989232,0
0.008695652004901749,0.04954770931688378,0.07872775025401366,0.014531660192327772,0.33551211050075785,0.008695652004901749,0.03203968475460582,0.14292384031569977,0.008695652004901749,0.06121972569173579,0.008695652004901749,0.008695652004901749,0.08456375844143964,0.061219725691735706,0.09623577481629156,0
0.02036766837975377,0.008695652004901749,0.008695652004901749,0.008695652004901749,0.008695652004901749,0.36469215143788775,0.008695652004901749,0.014531660192327772,0.008695652004901749,0.008695652004901749,0.008695652004901749,0.008695652004901749,0.4989203397486855,0.014531660192327772,0.008695652004901749,0
8.968609667703601E-4,8.968609667703601E-4,8.968609667703601E-4,0.0014987810921507413,0.4047852650970062,0.0014987810921507413,0.0021007012175311346,0.5805459417080767,0.0014987810921507413,8.968609667703601E-4,8.968609667703601E-4,8.968609667703601E-4,8.968609667703601E-4,8.968609667703601E-4,8.968609667703601E-4,0
0.008695652004901749,0.06705573387916171,0.05538371750430971,0.014531660192327772,0.39387219237501764,0.008695652004901749,0.032039684754605884,0.13125182394084772,0.008695652004901749,0.043711701129457894,0.008695652004901749,0.014531660192327772,0.06705573387916186,0.0728917420665877,0.07289174206658774,0
0.008695652004901749,0.008695652004901749,0.30049606137620183,0.20128392218995994,0.008695652004901749,0.13125182394084753,0.008695652004901749,0.014531660192327772,0.14292384031569977,0.008695652004901749,0.008695652004901749,0.008695652004901749,0.13125182394084772,0.008695652004901749,0.008695652004901749,0
0.003174603107024218,0.003174603107024218,0.003174603107024218,0.003174603107024218,0.003174603107024218,0.003174603107024218,0.003174603107024218,0.9555555565016608,0.003174603107024218,0.003174603107024218,0.003174603107024218,0.003174603107024218,0.003174603107024218,0.003174603107024218,0.003174603107024218,0
0.008695652004901749,0.008695652004901749,0.6331485280594831,0.008695652004901749,0.008695652004901749,0.008695652004901749,0.008695652004901749,0.04954770931688389,0.008695652004901749,0.19544791400253397,0.008695652004901749,0.014531660192327772,0.008695652004901749,0.008695652004901749,0.02036766837975377,0
0.004651162693989232,0.004651162693989232,0.004651162693989232,0.004651162693989232,0.6601841744857144,0.004651162693989232,0.1232714219705868,0.014015920005299538,0.004651162693989232,0.004651162693989232,0.004651162693989232,0.004651162693989232,0.15136569390451804,0.004651162693989232,0.004651162693989232,0
0.004651162693989232,0.007772748464425991,0.004651162693989232,0.010894334234862788,0.007772748464425991,0.107663493118403,0.004651162693989232,0.0733260496435984,0.020259091546173152,0.014015920005299555,0.02025909154617317,0.3449040116715986,0.3698766978350927,0.004651162693989232,0.004651162693989232,0
0.0032449338220068426,0.00454812011333547,0.0019417475306782162,0.0019417475306782162,0.0032449338220068426,0.0032449338220068434,0.957177299074561,0.0019417475306782162,0.0032449338220068426,0.003244933822006844,0.004548120113335469,0.0045481201133354705,0.0019417475306782162,0.0019417475306782162,0.0032449338220068434,0
0.004651162693989232,0.004651162693989232,0.004651162693989232,0.004651162693989232,0.004651162693989232,0.004651162693989232,0.004651162693989232,0.007772748464426001,0.004651162693989232,0.004651162693989232,0.004651162693989232,0.8911815214980376,0.04523177770966721,0.004651162693989232,0.004651162693989232,0
0.004651162693989232,0.004651162693989232,0.004651162693989232,0.004651162693989232,0.004651162693989232,0.004651162693989232,0.004651162693989232,0.9348837222841528,0.004651162693989232,0.004651162693989232,0.004651162693989232,0.004651162693989232,0.004651162693989232,0.004651162693989232,0.004651162693989232,0
0.008695652004901749,0.026203676567179764,0.5281003806858154,0.008695652004901749,0.07872775025401378,0.2421359795019419,0.008695652004901749,0.008695652004901749,0.03787569294203184,0.008695652004901749,0.008695652004901749,0.008695652004901749,0.008695652004901749,0.008695652004901749,0.008695652004901749,0
0.0048998744684276485,0.005991160549668616,0.0027173023059457297,0.001626016224704756,0.20460522733552577,0.001626016224704756,0.02999945433697,0.003808588387186688,0.013630163118355439,0.001626016224704756,0.009265018793391575,0.3246466962720325,0.337742129246924,0.0038085883871866897,0.05400774812427145,0
0.07289174206658769,0.008695652004901749,0.008695652004901749,0.008695652004901749,0.008695652004901749,0.008695652004901749,0.008695652004901749,0.014531660192327772,0.008695652004901749,0.02036766837975379,0.3180040859384799,0.008695652004901749,0.45223227424927764,0.04371170112945782,0.008695652004901749,0
0.008695652004901749,0.008695652004901749,0.47557630699898146,0.008695652004901749,0.008695652004901749,0.03787569294203189,0.014531660192327772,0.008695652004901749,0.3763641678127398,0.008695652004901749,0.008695652004901749,0.008695652004901749,0.008695652004901749,0.008695652004901749,0.008695652004901749,0
0.005305209266743763,0.003174603107024218,0.009566421586182811,0.00956642158618284,0.047917332461134714,0.005305209266743766,0.005305209266743763,0.003174603107024218,0.7893682760435362,0.056439757100012894,0.011697027745902307,0.01169702774590236,0.03300308934309791,0.005305209266743763,0.003174603107024218,0
0.017137505775736347,0.007772748464425999,0.035867020398356965,0.020259091546173166,0.007772748464426009,0.007772748464425997,0.029623848857483464,0.6102388021587258,0.03586702039835688,0.023380677316610005,0.010894334234862763,0.02338067731660997,0.01089433423486273,0.03274543462792024,0.1263930077410237,0
0.014531660192327772,0.008695652004901749,0.008695652004901749,0.008695652004901749,0.008695652004901749,0.008695652004901749,0.03203968475460582,0.008695652004901749,0.008695652004901749,0.014531660192327772,0.008695652004901749,0.674000585371465,0.17793988944025588,0.008695652004901749,0.008695652004901749,0
0.003174603107024218,0.003174603107024218,0.3334185578635542,0.013827633905621951,0.003174603107024218,0.005305209266743763,0.005305209266743766,0.003174603107024218,0.2716309792316867,0.005305209266743763,0.009566421586182832,0.06496218173889098,0.26523916075252874,0.009566421586182832,0.003174603107024218,0
0.007772748464425997,0.02025909154617314,0.34490401167159834,0.007772748464425997,0.07020446387316151,0.004651162693989232,0.026502263087046743,0.04835336348010402,0.004651162693989232,0.02650226308704683,0.014015920005299564,0.010894334234862784,0.3729982836055293,0.02962384885748353,0.010894334234862725,0
0.008695652004901749,0.5572804216229454,0.008695652004901749,0.008695652004901749,0.008695652004901749,0.014531660192327772,0.008695652004901749,0.008695652004901749,0.07872775025401345,0.02620367656717989,0.008695652004901749,0.01453166019232777,0.008695652004901749,0.23046396312708958,0.008695652004901749,0
0.07289174206658762,0.08456375844143975,0.06121972569173584,0.055383717504309794,0.05538371750430983,0.09039976662886554,0.0903997666288655,0.0845637584414395,0.07289174206658773,0.04371170112945786,0.03787569294203186,0.07872775025401363,0.04954770931688385,0.06121972569173579,0.06121972569173582,0
0.008695652004901749,0.008695652004901749,0.4230522333121475,0.008695652004901749,0.008695652004901749,0.049547709316883834,0.008695652004901749,0.014531660192327772,0.41138021693729576,0.008695652004901749,0.008695652004901749,0.014531660192327763,0.008695652004901749,0.008695652004901749,0.008695652004901749,0
0.003174603107024218,0.003174603107024218,0.24606370531505178,0.003174603107024218,0.003174603107024218,0.005305209266743763,0.003174603107024218,0.003174603107024218,0.003174603107024218,0.011697027745902344,0.003174603107024218,0.25671673611365153,0.4442100781689698,0.003174603107024218,0.007435815426463284,0
0.001226993838109987,0.002873965469701178,0.001226993838109987,0.001226993838109987,0.001226993838109987,0.001226993838109987,0.001226993838109987,0.001226993838109987,0.0020504796539055803,0.001226993838109987,0.001226993838109987,0.9762341997400967,0.001226993838109987,0.004520937101292366,0.002050479653905583,0
0.0019417475306782162,0.0019417475306782162,0.0019417475306782162,0.0019417475306782162,0.0019417475306782162,0.8177363659023972,0.0019417475306782162,0.0019417475306782162,0.0019417475306782162,0.0019417475306782162,0.1570209161987859,0.0019417475306782162,0.0019417475306782162,0.0019417475306782162,0.0019417475306782162,0
0.008695652004901749,0.008695652004901749,0.008695652004901749,0.008695652004901749,0.07872775025401367,0.008695652004901749,0.5222643724983894,0.0728917420665877,0.008695652004901749,0.008695652004901749,0.008695652004901749,0.008695652004901749,0.1896119058151079,0.014531660192327772,0.043711701129457874,0
3.0165911847643967E-4,0.0015163938509021252,3.0165911847643967E-4,0.001111482273426897,5.041149072140531E-4,3.0165911847643967E-4,3.0165911847643967E-4,5.041149072140529E-4,0.002326217005852598,0.01751040116117369,0.7965602762235169,0.004553230681966362,0.12197758814978332,0.05192788524656837,3.0165911847643967E-4,0
0.04954770931688389,0.0787277502540136,0.043711701129457846,0.11374379937856956,0.05538371750430986,0.037875692942031934,0.0728917420665877,0.07872775025401368,0.07289174206658773,0.049547709316883834,0.043711701129457894,0.09039976662886556,0.10207178300371762,0.06705573387916172,0.043711701129457894,0
0.001626016224704756,0.001626016224704756,0.001626016224704756,0.004899874468427662,0.001626016224704756,0.013630163118355439,0.9521361929855898,0.001626016224704756,0.005991160549668606,0.0027173023059457275,0.004899874468427666,0.001626016224704756,0.002717302305945728,0.001626016224704756,0.001626016224704756,0
0.007772748464425999,0.004651162693989232,0.8287498060893016,0.020259091546173228,0.004651162693989232,0.017137505775736365,0.004651162693989232,0.004651162693989232,0.03898860616879376,0.004651162693989232,0.004651162693989232,0.004651162693989232,0.045231777709667305,0.004651162693989232,0.004651162693989232,0
0.004651162693989232,0.004651162693989232,0.007772748464425991,0.007772748464425991,0.4010925555394603,0.007772748464425991,0.2200405808541272,0.09517715003665582,0.014015920005299576,0.010894334234862723,0.007772748464425993,0.0358670203983569,0.15136569390451793,0.020259091546173155,0.010894334234862746,0
0.008695652004901749,0.008695652004901749,0.014531660192327772,0.008695652004901749,0.08456375844143971,0.026203676567179795,0.13125182394084775,0.08456375844143957,0.008695652004901749,0.236299971314516,0.008695652004901749,0.06121972569173574,0.282988036813924,0.020367668379753776,0.01453166019232777,0
0.051462826601165856,0.014973610443964482,0.0032449338220068426,0.005851306404664096,0.00845767898732135,0.00845767898732135,0.004548120113335469,0.009760865278649975,0.007154492695992724,0.02800547335725053,0.011064051569978601,0.3472861147327643,0.0032449338220068426,0.005851306404664096,0.4906366067789125,0
0.5228344005864952,0.017137505775736316,0.004651162693989232,0.014015920005299588,0.014015920005299559,0.007772748464425999,0.004651162693989232,0.004651162693989232,0.023380677316610005,0.007772748464426001,0.07956922118447182,0.060839706561851226,0.007772748464426001,0.22316216662456403,0.007772748464425999,0
0.0024096385023039727,0.007261259756324661,0.007261259756324674,0.0024096385023039727,0.021816123518386705,0.0024096385023039727,0.0056440526716510986,0.005644052671651102,0.12208296276814724,0.0024096385023039727,0.0024096385023039727,0.5199159055978433,0.28542087832017693,0.005644052671651118,0.007261259756324665,0
0.02962384885748349,0.004651162693989232,0.004651162693989232,0.004651162693989232,0.004651162693989232,0.004651162693989232,0.007772748464425999,0.004651162693989232,0.004651162693989232,0.004651162693989232,0.004651162693989232,0.8818167641867272,0.0296238488574834,0.004651162693989232,0.004651162693989232,0
0.0019417475306782162,0.0032449338220068426,0.0032449338220068434,0.0019417475306782162,0.031915032231236574,0.0019417475306782162,0.00454812011333547,0.008457678987321348,0.1596272887814423,0.007154492695992722,0.00454812011333547,0.48412067532227077,0.2690949372530471,0.005851306404664096,0.012367237861307227,0
0.0019417475306782162,0.0019417475306782162,0.0019417475306782162,0.0019417475306782162,0.0019417475306782162,0.8190395521937258,0.0019417475306782162,0.0019417475306782162,0.0019417475306782162,0.0019417475306782162,0.14920179845081416,0.0019417475306782162,0.007154492695992722,0.0032449338220068434,0.0019417475306782162,0
0.008695652004901749,0.008695652004901749,0.8607528473690966,0.008695652004901749,0.008695652004901749,0.008695652004901749,0.008695652004901749,0.008695652004901749,0.008695652004901749,0.014531660192327772,0.008695652004901749,0.008695652004901749,0.020367668379753824,0.008695652004901749,0.008695652004901749,0
0.004651162693989232,0.07332604964359832,0.010894334234862732,0.004651162693989232,0.004651162693989232,0.004651162693989232,0.004651162693989232,0.007772748464425993,0.014015920005299519,0.12327142197058683,0.023380677316609918,0.004651162693989232,0.622725145240473,0.08581239272534548,0.010894334234862767,0
0.0010928961508357151,0.0025598708827335105,0.0010928961508357151,0.0010928961508357151,0.0010928961508357151,0.0010928961508357151,0.0032933582486824133,0.0010928961508357151,0.9788315549607081,0.0010928961508357151,0.002559870882733508,0.001826383516784611,0.0010928961508357151,0.0010928961508357151,0.0010928961508357151,0
0.003174603107024218,0.009566421586182835,0.003174603107024218,0.003174603107024218,0.12888036653047716,0.005305209266743763,0.1523170342873921,0.02021945238478059,0.009566421586182832,0.011697027745902358,0.003174603107024218,0.005305209266743763,0.6359646325437287,0.005305209266743763,0.003174603107024218,0
0.008695652004901749,0.04371170112945781,0.04371170112945784,0.008695652004901749,0.3238400941259059,0.008695652004901749,0.05538371750430971,0.1604318648779778,0.008695652004901749,0.04954770931688392,0.020367668379753852,0.03203968475460581,0.0962357748162916,0.05538371750430984,0.0845637584414398,0
0.05254305812718407,0.0024096385023039727,0.008878466840998245,0.0040268455869775415,0.005644052671651103,0.004026845586977536,0.015347295179692454,0.00887846684099824,0.008878466840998214,0.010495673925671802,0.0040268455869775415,0.5991590527468456,0.26924880747344115,0.0024096385023039727,0.004026845586977543,0
0.003174603107024218,0.003174603107024218,0.9555555565016608,0.003174603107024218,0.003174603107024218,0.003174603107024218,0.003174603107024218,0.003174603107024218,0.003174603107024218,0.003174603107024218,0.003174603107024218,0.003174603107024218,0.003174603107024218,0.003174603107024218,0.003174603107024218,0
0.004026845586977546,0.0024096385023039727,0.0024096385023039727,0.0040268455869775345,0.0024096385023039727,0.0024096385023039727,0.0024096385023039727,0.0024096385023039727,0.9355381263589455,0.0024096385023039727,0.0024096385023039727,0.015347295179692433,0.013730088095018916,0.005644052671651103,0.0024096385023039727,0
0.001226993838109987,0.001226993838109987,0.002050479653905576,0.001226993838109987,0.002050479653905583,0.8123605223967739,0.001226993838109987,0.002050479653905577,0.002050479653905583,0.001226993838109987,0.16263021373404632,0.002873965469701176,0.0036974512854967686,0.0020504796539055777,0.0020504796539055777,0
0.014531660192327772,0.026203676567179906,0.020367668379753758,0.026203676567179843,0.06705573387916165,0.014531660192327772,0.008695652004901749,0.02620367656717977,0.6098044953097792,0.01453166019232777,0.008695652004901749,0.02036766837975383,0.014531660192327772,0.026203676567179764,0.10207178300371737,0
0.004651162693989232,0.004651162693989232,0.004651162693989232,0.004651162693989232,0.004651162693989232,0.004651162693989232,0.004651162693989232,0.8943031072684743,0.004651162693989232,0.004651162693989232,0.017137505775736424,0.004651162693989232,0.004651162693989232,0.03274543462792028,0.004651162693989232,0
0.0072612597563246565,0.0024096385023039727,0.0024096385023039727,0.0024096385023039727,0.0024096385023039727,0.0024096385023039727,0.0024096385023039727,0.0024096385023039727,0.0024096385023039727,0.004026845586977543,0.0024096385023039727,0.9306865051049251,0.031519366026427915,0.0024096385023039727,0.0024096385023039727,0
0.0024096385023039727,0.0024096385023039727,0.0024096385023039727,0.0024096385023039727,0.0024096385023039727,0.8207164233471231,0.0024096385023039727,0.0024096385023039727,0.0024096385023039727,0.0024096385023039727,0.10429368483673782,0.0024096385023039727,0.04607422978848972,0.0024096385023039727,0.0024096385023039727,0
0.003174603107024218,0.003174603107024218,0.003174603107024218,0.46338553360644685,0.003174603107024218,0.003174603107024218,0.003174603107024218,0.003174603107024218,0.003174603107024218,0.003174603107024218,0.003174603107024218,0.003174603107024218,0.4953446260022387,0.003174603107024218,0.003174603107024218,0
0.003174603107024218,0.003174603107024218,0.005305209266743763,0.003174603107024218,0.501736444481398,0.003174603107024218,0.09479066797496426,0.21197400675953926,0.003174603107024218,0.009566421586182832,0.003174603107024218,0.007435815426463286,0.13740279116935514,0.009566421586182832,0.003174603107024218,0
0.5105923561235374,0.008695652004901749,0.008695652004901749,0.008695652004901749,0.008695652004901749,0.014531660192327772,0.008695652004901749,0.008695652004901749,0.008695652004901749,0.008695652004901749,0.008695652004901749,0.29466005318877586,0.08456375844143957,0.008695652004901749,0.008695652004901749,0
0.001646444253987778,0.00495255725802228,0.0036301120564084712,0.0036301120564084756,0.0016464442539877713,0.9114887429642865,0.002307666854794683,9.852216531808673E-4,0.02148312227819481,0.034707574294333035,0.0036301120564084773,0.0029688894556015883,0.0029688894556015835,9.852216531808673E-4,0.002968889455601586,0
0.003275918682435294,0.003275918682435293,0.03425165437068266,0.0013986013679960498,0.0023372600252156784,0.0013986013679960498,0.0013986013679960498,0.008907870625752998,0.00421457733965492,0.0023372600252156784,0.0013986013679960498,0.007030553311313762,0.9156521334999008,0.0023372600252156784,0.010785187940192224,0
0.014015920005299567,0.03274543462792032,0.38548462668727634,0.05771812079141447,0.004651162693989232,0.03586702039835695,0.007772748464426009,0.007772748464426001,0.007772748464425991,0.010894334234862753,0.1045419073479662,0.023380677316609984,0.023380677316610025,0.1326361792818972,0.15136569390451793,0
0.004651162693989232,0.004651162693989232,0.004651162693989232,0.004651162693989232,0.004651162693989232,0.9348837222841528,0.004651162693989232,0.004651162693989232,0.004651162693989232,0.004651162693989232,0.004651162693989232,0.004651162693989232,0.004651162693989232,0.004651162693989232,0.004651162693989232,0
0.004651162693989232,0.004651162693989232,0.004651162693989232,0.004651162693989232,0.7226158898944504,0.004651162693989232,0.14512252236364437,0.01713750577573642,0.004651162693989232,0.004651162693989232,0.004651162693989232,0.010894334234862713,0.0577181207914144,0.004651162693989232,0.004651162693989232,0
0.026611270863939277,0.08839884949580573,0.05857036325973234,0.03300308934309782,0.05004793862085429,0.04791733246113474,0.09052945565552516,0.05217854478057384,0.16297006508598963,0.04365612014169566,0.030872483183378308,0.10757430493328174,0.04791733246113473,0.08413763717636673,0.07561521253748861,0
0.003174603107024218,0.003174603107024218,0.878853734751758,0.005305209266743763,0.009566421586182818,0.003174603107024218,0.018088846225061062,0.01382763390562191,0.013827633905621918,0.003174603107024218,0.003174603107024218,0.003174603107024218,0.030872483183378364,0.005305209266743763,0.005305209266743765,0
9.744261910042394E-4,0.06319682235242406,0.002539769490662602,0.015845187537758647,0.008409806864381439,9.744261910042425E-4,0.006844463564723075,0.0686755239012283,0.0033224411404917825,0.0029311053155771914,0.004887784440150117,0.061240143227850964,0.5926741934618633,0.16650948012987543,9.744261910042417E-4,0
0.003174603107024218,0.003174603107024218,0.003174603107024218,0.003174603107024218,0.003174603107024218,0.7957600945226958,0.003174603107024218,0.003174603107024218,0.003174603107024218,0.003174603107024218,0.16297006508598946,0.003174603107024218,0.003174603107024218,0.003174603107024218,0.003174603107024218,0
0.4604026851777594,0.02338067731660994,0.01089433423486278,0.014015920005299559,0.007772748464426001,0.004651162693989232,0.010894334234862777,0.010894334234862777,0.017137505775736382,0.007772748464426003,0.004651162693989232,0.335539254360288,0.07020446387316157,0.014015920005299567,0.007772748464425996,0
7.067137652898976E-4,7.067137652898976E-4,7.067137652898976E-4,7.067137652898976E-4,7.067137652898976E-4,7.067137652898976E-4,7.067137652898976E-4,0.005924063826999958,7.067137652898976E-4,7.067137652898976E-4,7.067137652898976E-4,0.001655322867418996,0.983940048122102,7.067137652898976E-4,7.067137652898976E-4,0
0.001226993838109987,0.001226993838109987,0.001226993838109987,0.001226993838109987,0.006167908732883555,0.002050479653905578,0.002873965469701176,0.001226993838109987,0.001226993838109987,0.001226993838109987,0.0028739654697011786,0.001226993838109987,0.9572940259767981,0.001226993838109987,0.017696710154021893,0
0.001226993838109987,0.001226993838109987,0.001226993838109987,0.002050479653905583,0.0020504796539055786,0.062164944206984055,0.001226993838109987,0.001226993838109987,0.00205047965390558,0.001226993838109987,0.9152962493712233,0.001226993838109987,0.0036974512854967695,0.0028739654697011786,0.001226993838109987,0
0.009566421586182854,0.16723127740542895,0.011697027745902342,0.007435815426463284,0.03300308934309791,0.003174603107024218,0.1927985513220633,0.203451582120661,0.1906679451623438,0.007435815426463286,0.009566421586182849,0.08413763717636696,0.05643975710001289,0.003174603107024218,0.020219452384780606,0
0.04954770931688384,0.09039976662886542,0.08456375844143971,0.08456375844143944,0.05538371750430983,0.03787569294203186,0.06705573387916175,0.07289174206658772,0.07872775025401346,0.09039976662886566,0.03787569294203187,0.0670557338791617,0.07872775025401367,0.05538371750430987,0.04954770931688389,0
0.05538371750430974,0.10207178300371761,0.05538371750430971,0.09623577481629167,0.05538371750430986,0.03203968475460591,0.03787569294203188,0.0787277502540137,0.11374379937856952,0.04954770931688388,0.05538371750430986,0.061219725691735755,0.08456375844143957,0.05538371750430983,0.06705573387916154,0
0.002050479653905581,0.9507061394504333,0.001226993838109987,0.0020504796539055764,0.01275579525924832,0.001226993838109987,0.0020504796539055777,0.0028739654697011777,0.006167908732883555,0.006991394548679151,0.002873965469701177,0.001226993838109987,0.005344422917087959,0.001226993838109987,0.001226993838109987,0
0.00454812011333547,0.01236723786130723,0.03191503223123649,0.003244933822006843,0.0019417475306782162,0.0019417475306782162,0.0032449338220068426,0.0019417475306782162,0.11792532745892591,0.030611845939907737,0.7108750900134504,0.028005473357250732,0.0032449338220068426,0.046250081435851256,0.0019417475306782162,0
0.005305209266743763,0.005305209266743763,0.06922339405832996,0.003174603107024218,0.00956642158618283,0.6807073618978394,0.009566421586182832,0.17149248972486794,0.01169702774590235,0.003174603107024218,0.007435815426463286,0.003174603107024218,0.0095664215861828,0.005305209266743763,0.005305209266743763,0
7.604562569606257E-4,7.604562569606257E-4,7.604562569606257E-4,7.604562569606257E-4,7.604562569606257E-4,0.6509760891580882,7.604562569606257E-4,7.604562569606257E-4,7.604562569606257E-4,7.604562569606257E-4,0.3391379795014262,7.604562569606257E-4,7.604562569606257E-4,7.604562569606257E-4,7.604562569606257E-4,0
