1.9999215733720316E-6 6.269498104451874E-7 7.941660770137675E-6 6.56871665424428E-6 0.9965194963791886 8.86109195308293E-6 6.27887279578571E-7 7.426020866542397E-7 5.117791907046434E-7 2.8471872091804013E-7 1.5385488350467602E-6 1.315287062235965E-6 2.840991131130758E-7 0.0034415408949069913 3.032856085785819E-6 1.4308368999318771E-6 1.7041231129355988E-7 1.7041231129355988E-7 2.115295662773694E-6 7.396495837801508E-7 
2.1733158774887413E-6 2.4309488984326712E-6 0.3285285718445131 0.2585293835336089 1.4303252218134187E-6 1.0552682785536506E-6 0.41291863818288727 6.835646550212701E-7 9.293905584172223E-7 1.5464759181858253E-6 4.351314588023429E-7 1.5509381588469967E-6 5.564421979621259E-7 4.335575760184983E-7 1.1777223901955194E-6 3.1739778401052812E-6 1.3057512480421429E-6 3.1622546470303802E-6 1.8500158689290162E-7 1.1763724787953061E-6 
3.2279093488845494E-6 7.565707287417891E-7 1.2876247766661773E-5 2.420354680303247E-6 6.40148078072745E-7 5.241553172424792E-7 1.7459765996024792E-7 0.037543850480364134 0.26391117304623707 9.822888160008873E-7 1.341166493911703E-6 5.275262779237825E-7 1.102890819415623E-6 1.7917913413537893E-6 0.698513746849499 1.4729283407210288E-6 1.2337318577453367E-6 7.586937576914577E-7 1.1056145082743827E-6 2.9300810675508086E-7 
0.7047356859108622 1.9763024139680047E-6 0.08472342085474828 0.21038509095244462 9.070793462549365E-7 1.2739366147550727E-6 4.2322739525716686E-7 2.2249904618542864E-6 4.057904683802521E-6 1.803824217085503E-7 1.0237785959286285E-6 1.4960648566354364E-6 1.158803205522511E-6 1.803824217085503E-7 5.448956131981886E-7 3.347881205105179E-6 4.004123214223704E-6 1.974607379591357E-6 1.7536895059249733E-6 1.2927423260965235E-4 
2.242391892025968E-6 0.7573607868928603 0.06614052802040234 0.1764695257142873 6.123787396406643E-7 1.7055801804755424E-6 4.752223645124764E-7 2.646846187142145E-6 1.9708304638681867E-6 6.104067292242853E-7 2.651590305984672E-6 1.286593680457208E-6 3.730542909774889E-6 1.976459668432185E-6 2.2394453932114058E-6 7.454352731696121E-7 8.781090867734343E-7 3.3430468167983192E-6 1.7061224010703195E-6 3.383703573229959E-7 
1.994582551689269E-7 7.5780697746275694E-6 9.65733288197786E-6 7.448356786483343E-6 1.1422392977351371E-6 3.3506913158433364E-7 1.994582551689269E-7 1.3817918674337862E-6 5.8760010357413484E-6 3.3353306150994786E-7 3.6825883080656832E-6 1.547216890378712E-6 0.922577842599338 1.5376942896764003E-6 1.1369595522609538E-6 1.9323688151667393E-6 2.7518838531836766E-6 0.0773689059725795 5.774747080210809E-6 7.366589464173365E-7 
8.209637161181525E-6 1.7551228828659331E-6 4.5040842723902996E-6 4.0939973759972386E-6 7.043848856626089E-4 1.3747202787176923E-6 1.1047684978816842E-6 1.4960655627199053E-6 3.3118106343022615E-5 1.6417329701014591E-6 3.055864507070179E-6 1.7577716401692126E-6 8.38129379107429E-7 3.991777921981236E-6 2.5377910428270904E-6 2.414061763757132E-6 7.179514946964245E-7 0.008421687240354296 0.9908000726738343 1.243617054318237E-6 
3.838075037914311E-6 3.4693290900198356E-6 2.9824923750337464E-6 0.004109256171045144 4.3242886257205345E-6 0.9524663943549596 7.882315997064485E-7 5.459822129361601E-7 1.2728256294876725E-6 1.3981930017870795E-6 4.8148529993459364E-6 4.2595916524593006E-7 5.412389298723309E-7 0.04339326109223862 3.027657917430064E-7 3.3438390148743734E-6 6.699381852967557E-7 1.2790911712957342E-6 9.100499611857759E-7 1.812289653796949E-7 
2.0785674762345926E-6 1.6675983738716352E-7 1.7329679471633923E-6 1.9547394834171805E-6 3.919981887117991E-7 5.020808606572633E-7 5.01986734687641E-7 3.906033131355528E-7 1.8481260555028831E-6 3.903852023360149E-7 2.7938778667954635E-7 0.9999840735897403 2.792990232503417E-7 8.353056408972652E-7 1.7336685466729326E-6 2.787899338692835E-7 8.373126754404922E-7 1.6675983738716352E-7 7.255402366722184E-7 8.321314792461841E-7 
1.3996650230803849E-6 2.4532180111862967E-6 1.5498838016525476E-6 0.04791503401648608 6.636714277831483E-7 0.011030878631709942 1.4029819680750225E-6 2.1992139448060774E-7 1.396092612547748E-6 1.1110056261659754E-6 2.1229185135005467E-6 1.8475560219910048E-6 1.8315404376827371E-6 0.9410304263546765 2.1992139448060774E-7 8.158962709163407E-7 1.6961580627514883E-6 9.59222906961471E-7 2.579667943286631E-6 1.3916757109070566E-6 
1.9295147607916764E-7 9.700751701234177E-7 0.13645399072955405 0.20707503764578508 7.085459905029881E-7 3.2283832592925296E-7 0.6564519278485873 2.5254765997150857E-6 4.532836960383492E-7 1.0999050261024002E-6 4.5172584617318515E-7 4.515045160674115E-7 8.382677025808143E-7 1.9295147607916764E-7 1.0950928203594597E-6 6.8974050568553575E-6 1.9295147607916764E-7 1.4883998368874352E-6 3.2261248463333025E-7 8.397885733848538E-7 
4.914287115895334E-7 1.5801129463408432E-6 6.017659507175237E-7 7.083667458906568E-7 2.719940366585308E-7 3.794392818853932E-7 3.798803950520279E-7 1.628835249714668E-7 8.151540939636122E-7 0.9999861984820454 9.301497722124608E-7 2.7365625247783213E-7 7.091659711125723E-7 4.92492467692796E-7 1.3661825419792726E-6 6.007740303835071E-7 2.4563135811872783E-6 2.72744180133402E-7 9.24291572218518E-7 3.847218977923428E-7 
5.480618686245226E-7 1.5239217163511978E-6 0.13264015843177807 0.16566850603676586 7.92751167784443E-7 6.720208221497876E-7 0.34692869165919354 1.0417362765195143E-6 1.8270046475820815E-7 6.687594968553939E-7 1.0382904568929218E-6 4.2785679033464813E-7 3.0621909349195207E-7 1.8270046475820815E-7 1.7917137935951384E-6 0.3547505270534202 1.8270046475820815E-7 4.2883921838054733E-7 9.192617931881707E-7 1.40928495399116E-6 
0.0015075581039388003 1.1142883992691176E-6 6.800377199578444E-7 5.807387025217629E-7 2.612216537856022E-7 1.1122821166685619E-6 6.814850576303059E-7 3.6930494377702715E-7 3.6821838399311093E-7 2.617258407285636E-7 1.3053047600336998E-6 5.808028526666018E-7 7.846093524904348E-7 5.857474935999813E-7 2.6179104275955815E-7 3.6612314490486864E-7 4.738734746277681E-7 1.0055958430291816E-6 2.64111850879869E-7 0.9984813846334282 
2.93206468499946E-6 2.0038987103166346E-6 3.961239659208777E-7 3.3672791463605848E-6 2.8491004454373335E-7 1.554559839032074E-6 1.3094345533799332E-6 4.8477075009117334E-6 0.16501593276077728 1.884537875769444E-6 7.421066157164381E-7 5.114189297059422E-7 1.0927716420785227E-6 1.0879356617897446E-6 0.8349564037537772 1.7031477635194919E-7 9.699010175480481E-7 9.713194112376255E-7 2.9066710804340288E-6 6.305299893030233E-7 
1.5225816502468935E-7 9.719405038144163E-7 8.625984334644089E-7 1.583825594789465E-6 2.543449433188995E-7 2.5323901422880264E-7 2.5383660458645937E-7 4.5958537463794117E-7 2.5416048985286775E-7 4.5905509800856894E-7 2.545191576161126E-7 8.649116099637835E-7 7.631014470060655E-7 1.5225816502468935E-7 1.5225816502468935E-7 6.649214544977786E-7 0.9999907769870485 2.5406928507550266E-7 1.5225816502468935E-7 4.5987128010510423E-7 
6.237817191242002E-7 6.304652967026713E-7 2.335650884326281E-6 2.7974797666990436E-6 8.577029244034601E-7 6.279091953390697E-7 2.247304900525891E-6 4.0132580910401575E-7 4.028831467626839E-6 3.985748186398291E-7 2.850446577433341E-7 1.0908488881556117E-6 0.08105367720551143 8.569479591664601E-7 2.3691689991183813E-6 1.4427305436308855E-6 3.9745935266452593E-7 0.9189206999292652 3.6078733256872727E-6 6.237647148626231E-7 
3.1752461346961026E-6 5.368034339618729E-6 0.033280441578598184 0.25516600600004913 6.129052783282651E-6 5.153371698034377E-7 6.621492008688425E-7 8.089154260997284E-7 1.5449365018367368E-6 1.9913782249972766E-6 0.7115162505541887 8.089652856155873E-7 2.19651836897078E-7 8.275635755867265E-6 1.3990008644494003E-6 2.5723272123636824E-6 2.19651836897078E-7 5.142853502018948E-7 1.5458305167258929E-6 1.551468723697843E-6 
9.489908445698795E-6 7.889649014311822E-6 0.08745627790176128 0.3748441159576008 3.5073746050293854E-6 0.02011609294685578 1.210663020564938E-6 1.6326297325825807E-6 3.4870016663993173E-6 1.353673275923091E-6 0.17585934475469187 2.1217627116851068E-7 7.816189380479106E-7 0.34168748887994616 3.539220903543253E-7 1.0699887891956636E-6 2.769077975902898E-6 1.929556671863182E-6 3.53862241840265E-7 6.38456405286324E-7 
1.9100900839032495E-7 1.264429157774772E-6 3.449978219874151E-7 3.42567955498669E-7 1.9076342187283502E-7 1.9015150697197203E-7 1.1402494113605446E-7 0.653070539532107 0.3469224284851728 1.1402494113605446E-7 6.498228746773107E-7 6.48113741958513E-7 1.1402494113605446E-7 2.674546130516694E-7 1.268179635565352E-6 2.663629631133029E-7 1.1402494113605446E-7 4.95061981798855E-7 2.6620485094922086E-7 1.9076342187283502E-7 
