9.64757404667835E-6 1.7085578143019746E-4 0.0010484841566953584 2.091189217807486E-4 1.2197937713350591E-4 3.680232284285941E-5 6.002930082446311E-5 1.8640066566424994E-4 0.9218868880120994 0.001753515282300881 6.649513774515773E-5 7.115879376162572E-5 0.01150729433771894 0.06283476276269342 3.656757326293095E-5 
6.058179858039965E-6 0.896313127327481 6.439821275155895E-5 2.147250543814915E-5 0.033594094583064796 1.9943456738125716E-5 3.970594065901792E-5 0.05954756164158233 1.796509152751582E-5 4.349173909315024E-5 9.429066641276716E-6 1.4651188771467497E-5 1.621983873051071E-5 0.010124100882233915 1.6778034542907447E-4 
9.326762493144243E-6 0.005673580802951377 2.1777291191328545E-5 1.5484976260082428E-5 0.001137926522638363 9.206364568480223E-6 1.5901289253615057E-5 9.693132089048427E-4 0.0425804903540908 1.1781433909348643E-5 6.7300286117390766E-6 2.8850835650924216E-6 0.06347896008624475 0.8860460042332903 2.0631562026303416E-5 
1.5237444084617807E-5 0.011592228982474131 2.999099651492999E-4 3.711706558873607E-5 0.002366925213277832 3.6150458427102475E-4 0.9748281829887752 0.0034859642512490617 1.50918659924599E-4 0.006829265598171551 7.965922063260167E-6 2.1690371827250393E-6 1.5347201493810143E-5 5.094049111813063E-6 2.1690371827250393E-6 
3.99199010165998E-4 5.6006669362202356E-5 0.001386451097467568 0.02132517515335447 0.9514561331288485 2.4362678953607483E-5 7.760755208967757E-5 5.451845885599607E-4 0.0013615671073655851 8.103845209118494E-5 0.018604600388608377 1.3633318066795663E-5 0.004568552620682436 9.609078448855361E-5 4.397449895163677E-6 
1.104429210317683E-4 1.318016058575114E-4 0.0015073786039186802 2.5545688399766356E-6 0.04946208616323128 2.310707439650495E-4 2.0525555124045918E-5 0.010124094661458097 6.381221305607764E-4 0.045753050212880265 4.2116455892275805E-6 5.7573416057404816E-5 0.8854192596764247 0.0013896642598241165 0.005148163835237117 
0.8417028909815484 2.313554206242761E-5 7.910906210322923E-5 2.0600774984606053E-5 3.484599102352474E-4 0.02661431532692045 3.514163700758821E-5 4.976066800643387E-5 6.374275705512837E-6 0.13101610687438794 1.8572522151697308E-5 6.370775764381894E-6 1.638326549001343E-5 3.276267028809198E-5 3.001571334393898E-5 
4.989505354605711E-4 0.6853612720967273 0.0124773401755235 1.72210046952697E-5 9.075178749111898E-7 2.1437340251666738E-5 0.03914453340482115 0.11236621853328065 0.002223196304716787 0.07226235189409566 2.1114499048821158E-6 2.888551172059253E-4 0.0538741041497272 0.020630221523564845 8.312789521500396E-4 
8.81597997147399E-6 8.81597997147399E-6 2.058956697868236E-5 2.0632075747039637E-5 8.81597997147399E-6 2.0703858292292325E-5 8.81597997147399E-6 3.2174643994178995E-5 1.0373950145475255E-4 2.057477482067684E-5 1.4749242046347396E-5 0.9787982512008311 8.138128348476358E-4 2.077767742010957E-5 0.020098730703681473 
9.029452605681115E-6 0.017771115882807813 0.0012771394571867024 9.087634041201772E-6 0.0061061946608239655 1.4369820880277268E-5 0.014323071757863414 0.9231685408087001 1.055530876330766E-4 0.019646286628027948 2.6666289577945172E-6 1.2198237366273349E-5 0.01658661499479544 8.946648090553602E-4 7.346613925495619E-5 
8.410854161378881E-4 5.970937449604701E-4 0.014353432255270531 0.38804682051080447 0.012887091375262418 1.8043021093594268E-5 6.315338468727106E-5 0.0016945201695978507 2.646871986632001E-4 0.012012457211922314 0.5496180955538273 3.867369797431888E-6 0.014457800633867639 6.826801953228062E-4 0.004459171958785194 
1.3076745055925695E-4 1.7359123462165502E-4 0.8374183054420027 0.007696925230503417 0.025892939226719345 4.8532914379042293E-4 0.009403287089039288 7.440225021659709E-5 0.012288761216462222 0.0899969096691498 1.5032640885785734E-4 3.095772144324365E-5 0.014345632931617466 0.0018689883849039573 4.287660011285182E-5 
0.005229858661922379 1.2957996247128151E-6 8.36018373570937E-4 5.4866296013924315E-6 4.711563708985926E-4 0.8101983667778644 8.5843078199575E-6 7.25082421669737E-5 3.4000100214438845E-6 0.18223978285894984 1.3022928198161536E-6 3.3881302665545195E-6 8.626646508427204E-4 9.12685491874432E-6 5.7060038711446726E-5 
0.012292166833160744 0.013119593872072665 7.886981434938863E-6 0.05043381984173985 8.818043007059218E-4 2.3890024146835786E-5 7.183276733017896E-5 1.327702231032836E-5 3.9933069212411497E-5 2.368914542619245E-5 0.03837112880071223 0.8845161706078447 5.01465465458521E-5 4.437636665559895E-5 1.1028382070122315E-4 
9.665204281743161E-6 0.0017066624745315953 3.0246071452633686E-4 2.4094437641417453E-5 5.307938431333738E-5 2.301796048960776E-5 4.1286186906442117E-5 3.461871383836969E-5 6.571054053855022E-5 0.007843259138421871 2.6917485490806E-5 0.003150861694428047 0.026638399273124513 8.305894637859081E-4 0.9592493773276815 
