7.354480362158042E-6 3.8626244351848885E-6 2.5197019775758592E-5 1.092811005858075E-5 8.815379530294602E-7 3.171970702841566E-5 4.433722879778497E-6 9.781727486671818E-6 2.2306039157911583E-5 1.0348903837817852E-5 4.439114491771926E-6 0.4659653369305093 2.0706344730350372E-6 3.8173483666146556E-6 1.3260071129397565E-4 0.11786473583821085 1.73800294501252E-5 9.11706817356021E-6 1.9189385223542165E-5 0.018446275089001273 1.826210579597004E-5 3.9716701981358876E-5 0.004608293901216795 0.3927287451975873 1.3206071249015335E-5 
6.153459382182177E-6 2.2031212993711887E-5 3.84622146873706E-6 6.136425190796847E-6 3.2344382963078337E-6 0.010366757206155479 3.756173430339601E-6 1.8357610998921316E-5 8.439444903678456E-6 0.45018542978165804 5.0118030560203695E-6 2.04675919969048E-6 2.444356785274919E-5 0.44660552337707765 4.9950406359888065E-6 1.4547033785007714E-6 6.712913454698164E-6 4.4105810944363854E-6 1.4567834157899944E-6 1.0236263600732379E-4 5.5904335610672425E-6 2.0522841416212205E-6 2.626985326802819E-6 4.6985619038300436E-5 0.0925601845382813 
0.11560111538185468 5.645977821557527E-6 0.8840920504650981 8.637676056257897E-6 8.829519888105869E-7 1.9833548477945476E-5 6.212659321909023E-6 1.915438266609178E-5 3.817939989445257E-6 5.721213225824355E-5 3.2142790231978314E-6 7.427418406934731E-6 1.0388135092295492E-5 1.4835658462038362E-6 6.8562251879758655E-6 1.4523388692722678E-5 5.012026807328973E-6 2.668780471040555E-5 1.0951382221503885E-5 1.4623510611478664E-5 5.5602903722901284E-6 1.4775529231370595E-6 5.03487768830241E-6 6.596595841083401E-5 6.230468472190316E-6 
5.139369942950732E-6 4.7963632495830235E-5 4.572467633163527E-6 1.421942406125419E-5 1.9172265878135052E-5 5.723680295768144E-6 7.6283762431970936E-6 0.41866742003075225 5.153666951318034E-6 3.957639242336796E-5 4.056889879940712E-5 1.000479913189324E-5 2.7256576671013626E-5 9.07235341583552E-7 7.55858594873895E-6 0.014833338367367693 3.3658565961226422E-6 2.7257973170553817E-6 2.5304372748038087E-5 0.5660558941620122 1.3211920582465257E-5 5.791213683692642E-6 9.07235341583552E-7 1.424000398805649E-4 1.4195631900273931E-5 
1.2592545074102049E-5 3.813230289863869E-6 7.986343095388084E-6 2.6265135915760726E-6 2.628517354929694E-6 0.04332420636186012 9.087077762335274E-6 3.2223779098748754E-6 7.030979821511454E-4 0.5887028121809401 1.2589574124197613E-5 6.233861049343577E-6 6.243918079127688E-5 1.7381106857260082E-5 5.601663458575221E-6 0.004399085677362536 2.0494994489141723E-6 8.567556314833483E-6 1.1423515614985232E-5 1.7246593894649517E-5 0.362640622999257 4.423577162983527E-6 1.2749009633669245E-5 1.2641036748666154E-5 1.487201825133277E-5 
3.5977598597825384E-6 0.5913644070603924 2.3867199458407558E-5 4.2297006556362105E-6 1.4688025108018116E-5 2.378093194475753E-5 6.813734402543145E-6 2.572226839908343E-5 1.539280750659175E-5 5.5110782494884405E-6 1.404056232165821E-5 1.9883636562686493E-5 2.2346704776474654E-5 8.271961406211131E-6 1.0133356848160699E-5 4.871764424359207E-5 8.763291450913754E-6 4.959250075056691E-6 2.295595338426141E-6 6.70441681396987E-5 1.0233781365296836E-5 1.9193183314199938E-5 6.170056888316148E-6 0.40825920852889136 1.072771240118559E-5 
1.7652072542906533E-5 1.121219753016859E-4 6.888928550144964E-6 1.0496090537928467E-5 9.202889217628535E-6 1.4074494823869418E-5 3.0479489053452544E-5 2.3480831050048197E-5 6.968392194448611E-6 2.7203655293844693E-5 7.430216654352753E-6 1.484220077785908E-6 7.464618575343357E-6 1.3978647363386383E-5 2.3696933612209953E-5 4.651155795872786E-5 6.217380508312904E-6 1.6535295038468903E-5 0.7535604391467648 8.925024383425478E-7 1.5258326519460721E-5 4.51348687375451E-6 8.925024383425478E-7 0.2460125040808354 2.361226577479073E-5 
2.2152361358626284E-6 8.893972857837913E-5 1.7062831396425145E-5 0.4832168572037545 1.5972715121415506E-6 3.3999228407771644E-5 1.064278783209707E-5 1.30057727638864E-5 4.185110217232967E-6 1.890450877580688E-5 2.2124252089617437E-5 2.239904024854724E-6 7.355318222153474E-6 4.175607747940924E-6 2.5740590688887086E-5 0.05171520373463869 9.524551985463974E-7 1.2558658960818736E-5 2.2253333941276677E-6 0.0013640223944156107 5.3873421097244455E-6 4.6688984053661505E-5 2.1323464330006067E-5 0.4633583916481044 4.2006326466228065E-6 
7.441289633522608E-6 6.326827675260035E-6 1.0801793869025913E-4 2.7151218973598825E-6 3.84361014301662E-6 4.522023755366646E-6 7.023223787041427E-5 0.5227083356941468 3.1206939521096723E-5 8.987226213877883E-7 1.1788014492165722E-5 1.4846032783770654E-6 1.2987613047203594E-5 8.235751989371726E-6 3.950681248110093E-6 0.1778417740919721 8.793631047640594E-6 3.3268361980110105E-6 3.903333433305427E-6 0.29907351755138617 1.0533924193276356E-5 9.380940367347349E-6 5.138174548971276E-6 6.0132544130851175E-5 1.5119027128408453E-6 
4.72378969028975E-6 1.7877162896435614E-5 1.275668738540456E-4 2.1709851822955115E-6 2.802662499243107E-6 6.734426186199319E-5 2.190123732728303E-5 3.4616183547022025E-6 2.7668684344869106E-5 0.1106997196016649 5.9334294528556425E-6 1.2912187866218399E-5 4.112110975264137E-6 6.565091972137629E-6 5.882544410308354E-6 0.674431512484114 1.775434370557455E-5 2.4028198998768325E-5 2.7175239256904138E-5 0.08507352900263081 1.75392853994015E-5 4.012650157737421E-5 9.342294831313702E-7 0.12935395231692676 2.8061555545419895E-6 
6.000020691472959E-6 1.8987674375575624E-4 1.2458292827313102E-5 6.080854602728175E-6 1.4367716540624967E-6 1.299630808705579E-5 2.170591216949882E-5 6.1057190771755555E-6 2.5934872493682315E-6 6.069589505040286E-6 5.464546234022764E-6 2.5879300535373123E-6 1.2459556591713769E-5 7.189615444514501E-6 2.1597605303591304E-5 1.0006258261667046E-5 3.167471817037393E-6 0.9995549521935088 3.194614096474833E-6 3.197275409980784E-5 8.29370650198711E-6 1.4212278116296036E-5 4.2258379188983436E-5 1.645953562377588E-5 8.598555389634152E-7 
5.7217150428399856E-6 6.321191959610189E-6 5.160197863736881E-6 2.128537497993697E-6 0.0010600315836394286 0.014418565437000657 3.6713109948217176E-5 5.742871339926344E-6 1.1959803607624358E-4 0.5048986465583146 1.7269609088373315E-5 3.3081417877309143E-6 9.35854676442566E-6 1.1353557800719943E-4 4.511803174363666E-6 2.4929411487114962E-5 9.28449458341013E-6 2.4408228638865142E-5 1.0526024979657808E-5 1.2707361180969154E-4 8.81755284991017E-6 2.101313563674763E-6 6.333069545112439E-6 9.363916025906437E-6 0.47907054945901156 
2.9097068975854334E-6 7.602344326544064E-6 1.1929226671735737E-5 2.402647931087105E-6 2.4082862852541734E-6 6.715991014932145E-6 1.332938670976849E-6 1.31532113745075E-6 1.3971634115960325E-5 8.22834931239644E-6 9.829248743220598E-6 3.967586824013319E-6 3.971771508287009E-6 4.559066511463699E-6 0.9983474658858545 1.0981733407148735E-5 1.2454139086856446E-5 1.9313429720104826E-5 3.47572636632427E-6 2.3744099519321452E-6 1.8719950450851634E-6 5.556174035977361E-6 1.3162658219317898E-5 0.0015014068890287704 7.928393332059067E-7 
0.9520600352915046 7.819910972268342E-6 0.04771365121804135 7.837350293507818E-6 7.2440112815622395E-6 3.170730778971417E-6 8.6416359829887E-7 2.0273952911832368E-6 8.944965747858436E-6 1.0142727432271875E-5 5.539374957189176E-6 3.746004020092956E-6 1.879455565413317E-5 2.6170928107348776E-6 1.441625741685596E-6 3.9673244011164435E-5 8.388355411643456E-6 1.361636651986536E-5 6.110299300538492E-6 3.0398434531239447E-5 1.2482674788342751E-5 2.5824586983296815E-6 3.772746404416622E-6 1.4224238486267082E-5 1.4874763722181457E-5 
1.232195953631152E-5 1.462545026594509E-5 9.461775669464572E-6 5.845054529811293E-5 1.0530546797253891E-5 0.006376453886102288 1.912547535012416E-5 1.3469054074060214E-4 1.242685750997103E-5 7.208879811869072E-5 0.12452718103711002 5.79993259745421E-6 7.430209437448179E-5 8.735677729710384E-6 1.2884518099256553E-5 0.42885705415788655 2.1416005955716393E-6 1.1225610951572627E-5 1.8954528125941236E-5 0.14954633508421433 6.334688237421646E-6 2.2124960061697293E-5 1.0018838691569173E-4 0.29005895190324676 2.76099844647842E-5 
2.815781552633157E-6 9.015417191624159E-6 2.581468378673884E-4 2.1785215118702266E-6 2.8215905943814827E-6 1.0294268003522496E-5 1.4638102646555125E-4 1.556410586411991E-4 2.1920906254152553E-6 4.6996890967585234E-6 0.4488896799025019 2.160036040462075E-5 1.976230189734838E-5 2.805988735363183E-6 7.868821717222022E-6 0.07747915460368657 2.3483156860754226E-5 1.79502068864321E-5 8.413139380717702E-6 0.3194478160924689 1.5523760168115543E-6 2.1824931606213974E-6 2.7870225725167607E-6 0.15347794841683088 2.8088353290344982E-6 
1.867426089373211E-5 5.994931964395355E-5 2.1372046999367022E-6 3.988348452223276E-6 9.185271874457819E-7 5.1960476800448554E-5 1.7638219386509437E-5 1.8312847995639732E-5 2.775021155231619E-6 1.1982881721628296E-5 1.0922658641501912E-5 1.5611684025059415E-4 1.7615041036321466E-5 1.52401780665561E-6 8.983442484928694E-6 0.024608886391111584 7.485710712109913E-4 1.5682542930553915E-5 1.0720465533908586E-5 9.55552151868709E-6 1.2079682539936317E-5 0.5028781743925083 7.055294706487703E-6 0.4713198955249629 5.880004820257832E-6 
4.658310905901224E-6 6.452889500136279E-6 0.05099343870662429 2.150465219888187E-6 1.518157017555985E-5 0.6083991597387138 3.167876542400453E-5 7.1142711781081E-6 4.873824722212334E-5 0.3160204058964579 4.645185264838682E-6 3.892736188601901E-5 2.1558740649684372E-6 4.0140345655129385E-6 2.0694497234623347E-5 8.922891616509576E-6 1.893363211284729E-5 1.4512812259929579E-5 5.266863915599374E-6 2.8379867647594566E-5 1.3772234613339877E-5 1.9454971117323364E-5 0.002387888523853631 0.02189765203389093 5.800354534546475E-6 
5.887590184725628E-6 1.049583205620632E-4 1.5801943145874108E-6 9.350060720459634E-7 3.4072049210079965E-6 1.1229799203496672E-5 1.4404151525714905E-5 1.1673986180837298E-5 0.008924127699460814 0.5809652748203734 3.9627527606424104E-5 3.114453200685164E-5 0.39753730883295957 2.147520387595006E-6 9.350060720459634E-7 1.532374516940688E-5 2.7484054817387483E-5 8.354571176077745E-6 9.563315983713236E-6 8.3782437279243E-6 7.847586974175978E-6 1.785955666850555E-5 6.729794670630308E-6 0.012230122140628364 1.3694798352621743E-5 
3.934481077842676E-6 4.491496369905746E-6 9.371725856367727E-6 1.3859188011150187E-5 0.43729247210378014 3.399577891886329E-5 1.306862800285829E-5 7.713178930702802E-6 0.005200479599445568 0.4951859152599249 5.0879148556190644E-6 5.707987617110665E-6 4.508556747058718E-6 3.0899330909230996E-5 6.839706379974931E-6 0.058154424798257255 3.325822948073023E-6 8.981387394587764E-7 3.3195497533777963E-6 5.0904214210358525E-6 6.967609778095563E-6 1.5036839898119253E-6 9.303647610009377E-6 0.003972432272778255 2.4389117897480776E-5 
1.1172972583852141E-5 1.8565965431913476E-5 8.835913506177215E-6 9.122100698323234E-7 3.2463856302259776E-5 0.022708442475477295 0.4749753321562906 2.1286820788059496E-4 2.74444122216544E-6 0.20844593857967672 2.731257584010067E-6 5.154913362549615E-6 8.187314481575505E-6 6.507009220628123E-6 9.58411704049636E-6 0.13293530809852164 1.6237892644939577E-5 3.3166278964646866E-6 5.244399846210032E-6 0.16050213621901888 1.0160311480601753E-5 4.512993060095355E-6 3.9883051357375735E-6 6.626770390689742E-5 3.386058357842498E-6 
1.0447587411549142E-5 8.049807900521143E-6 2.6711718243107016E-6 1.6316671279146748E-5 2.6334648746671406E-6 7.967153558091583E-6 6.1924796646035435E-6 8.564175384932725E-6 1.262635796613426E-5 4.210119916007546E-5 6.10316000880619E-6 8.504859418848567E-6 3.229117937251211E-6 5.593344643225841E-6 4.4433202471374546E-5 1.79412372535638E-5 0.7328355121257923 5.637236339244854E-6 7.357335576170152E-6 1.7104918673005578E-4 4.383699126247148E-6 1.9099918198279116E-5 1.3900932860644889E-5 0.2667305290995493 9.155475070661476E-6 
8.715115698701491E-7 6.140944411274242E-6 3.1955493696452697E-6 8.412110025633529E-6 5.567391389145218E-6 0.07720832583200152 5.411433045025456E-6 8.715115698701491E-7 0.5805089812667124 0.34205362823314334 7.350583418679368E-6 1.8556276301689996E-5 9.120488931206874E-6 7.38915181668264E-6 1.9670449162353036E-5 2.2761771769801578E-5 1.0913064932023605E-5 6.678282004260192E-6 7.878765510058495E-6 1.1510079322694482E-5 1.4445363427341463E-6 6.175081031784773E-6 2.5247945097108237E-5 2.4669834279028603E-5 1.922790684215143E-5 
6.028727095970096E-6 1.0375715066958421E-5 4.115085019958493E-6 1.2329745711249044E-5 5.9267008047574316E-6 0.016919833139937862 1.7184517397901795E-5 0.2277613720349908 4.668167923380705E-6 5.491032844169766E-5 7.903384068517341E-6 3.105747484701086E-5 9.383120589963358E-7 5.924298835476381E-6 5.350043388521409E-6 0.43573756939048863 6.58781382511648E-6 9.162551865189975E-6 7.273387952091056E-6 0.31936791014141647 2.849648263043769E-6 4.717764737945577E-6 5.3170658789084475E-6 5.329668274123032E-6 5.364891709210321E-6 
2.534161613710688E-5 6.686838805525612E-6 3.1790875207646813E-6 1.0766920006499131E-5 7.254224983460865E-6 3.115353596419562E-5 4.897291282657885E-6 4.376776734569706E-6 7.968729348779004E-6 6.066530436853327E-6 7.343173114884852E-6 7.166123393657931E-6 1.5765814711999055E-5 3.1957041542306282E-6 7.787401652621863E-6 0.011838916753450347 1.4183642299217281E-5 7.270281781166098E-6 6.71759297271225E-6 1.0094305888324753E-5 6.6549671011628715E-6 4.525150313533854E-5 0.6815478550094402 0.3063691852413394 4.920934344309952E-6 
