0.007999999856948863 0.7059865801583984 0.007999999856948863 0.007999999856948863 0.11001342313177645 0.007999999856948863 0.007999999856948863 0.007999999856948863 0.007999999856948863 0.007999999856948863 0.007999999856948863 0.007999999856948863 0.007999999856948863 0.007999999856948863 0.007999999856948863 0.007999999856948863 0.007999999856948863 0.007999999856948863 0.007999999856948863 0.007999999856948863 0.007999999856948863 0.007999999856948863 0.007999999856948863 0.007999999856948863 0.007999999856948863 
0.005511251435111866 0.02130280297581163 0.010248716897321758 0.02130280297581163 0.6134859857520493 0.02130280297581162 0.026040268438021534 0.0070904065891818175 0.011827872051391658 0.027619423592091435 0.014986182359531613 0.005511251435111866 0.02130280297581152 0.013407027205461702 0.010248716897321732 0.014986182359531634 0.010248716897321737 0.021302802975811587 0.022881958129881634 0.01972364782174168 0.021302802975811545 0.003932096281041896 0.022881958129881544 0.027619423592091463 0.003932096281041896 
0.007999999856948863 0.7918926208108841 0.007999999856948863 0.007999999856948863 0.007999999856948863 0.007999999856948863 0.01336912739772927 0.007999999856948863 0.007999999856948863 0.007999999856948863 0.007999999856948863 0.013369127397729256 0.007999999856948863 0.007999999856948863 0.007999999856948863 0.007999999856948863 0.007999999856948863 0.013369127397729256 0.007999999856948863 0.007999999856948863 0.007999999856948863 0.007999999856948863 0.007999999856948863 0.007999999856948863 0.007999999856948863 
0.013369127397729256 0.04558389264241171 0.04558389264241165 0.018738254938509537 0.04021476510163124 0.03484563756085085 0.056322147723972545 0.03484563756085071 0.07242953034631372 0.04558389264241169 0.029476510020070398 0.056322147723972545 0.045583892642411694 0.05095302018319206 0.04021476510163128 0.03484563756085081 0.03484563756085083 0.04021476510163128 0.056322147723972434 0.040214765101631134 0.018738254938509585 0.05095302018319211 0.04021476510163126 0.03484563756085092 0.018738254938509568 
0.01972364782174157 0.016565337513601657 0.007090406589181828 0.00866956174325179 0.027619423592091543 0.0086695617432518 0.008669561743251748 0.00866956174325179 0.008669561743251786 0.39398341933632425 0.0023529411269719263 0.019723647821741578 0.0023529411269719263 0.011827872051391715 0.005511251435111866 0.013407027205461629 0.39082510902818457 0.003932096281041896 0.007090406589181821 0.008669561743251791 0.003932096281041896 0.003932096281041896 0.008669561743251756 0.0023529411269719263 0.0070904065891818175 
0.007999999856948863 0.018738254938509516 0.018738254938509637 0.013369127397729256 0.024107382479290014 0.007999999856948863 0.018738254938509592 0.013369127397729256 0.007999999856948863 0.013369127397729271 0.013369127397729256 0.013369127397729256 0.013369127397729256 0.007999999856948863 0.007999999856948863 0.007999999856948863 0.013369127397729256 0.013369127397729256 0.007999999856948863 0.013369127397729273 0.013369127397729256 0.007999999856948863 0.01873825493850964 0.6952483250768378 0.007999999856948863 
0.007999999856948863 0.7865234932701037 0.007999999856948863 0.013369127397729259 0.007999999856948863 0.007999999856948863 0.007999999856948863 0.007999999856948863 0.007999999856948863 0.007999999856948863 0.007999999856948863 0.013369127397729256 0.007999999856948863 0.013369127397729271 0.007999999856948863 0.007999999856948863 0.007999999856948863 0.007999999856948863 0.007999999856948863 0.007999999856948863 0.007999999856948863 0.013369127397729259 0.007999999856948863 0.007999999856948863 0.007999999856948863 
0.007427292983981754 0.013392990239662752 0.007427292983981748 0.007427292983981765 0.10884414633055847 0.019358687495343762 0.3623862796970007 0.061118568285110864 0.004444444356141259 0.007427292983981749 0.01637583886750326 0.004444444356141259 0.007427292983981763 0.007427292983981765 0.013392990239662807 0.007427292983981746 0.004444444356141259 0.022341536123184215 0.03427293063454618 0.004444444356141259 0.00742729298398177 0.24008948595554053 0.01339299023966281 0.010410141611822313 0.007427292983981746 
0.0015999999656677291 0.2432107384367183 0.0015999999656677291 0.0015999999656677291 0.0015999999656677291 0.0015999999656677291 0.0015999999656677291 0.0015999999656677291 0.0015999999656677291 0.0026738254699835086 0.0015999999656677291 0.5793181212875563 0.0015999999656677291 0.0015999999656677291 0.0015999999656677291 0.0026738254699835086 0.0015999999656677291 0.0015999999656677291 0.0015999999656677291 0.14012349002240318 0.0015999999656677291 0.0015999999656677291 0.0015999999656677291 0.0015999999656677291 0.0015999999656677291 
0.0026738254699835103 0.0026738254699835086 0.0015999999656677291 0.0015999999656677291 0.002673825469983509 0.0015999999656677291 0.0026738254699835086 0.0037476509742992888 0.0037476509742992896 0.0015999999656677291 0.003747650974299288 0.0015999999656677291 0.011264429504509746 0.0015999999656677291 0.6909959737363993 0.002673825469983509 0.0026738254699835086 0.0026738254699835086 0.0048214764786150685 0.0015999999656677291 0.0015999999656677291 0.0015999999656677291 0.0026738254699835086 0.025224161060614876 0.2206604028460879 
4.938271495922016E-4 0.984502444539364 4.938271495922016E-4 0.0011566823987601178 8.252547741761597E-4 4.938271495922016E-4 8.2525477417616E-4 0.001488110023344076 4.938271495922016E-4 8.252547741761597E-4 4.938271495922016E-4 4.938271495922016E-4 8.252547741761597E-4 4.938271495922016E-4 4.938271495922016E-4 8.252547741761597E-4 8.2525477417616E-4 4.938271495922016E-4 4.938271495922016E-4 4.938271495922016E-4 4.938271495922016E-4 4.938271495922016E-4 4.938271495922016E-4 4.938271495922016E-4 4.938271495922016E-4 
0.013369127397729264 0.013369127397729259 0.013369127397729256 0.007999999856948863 0.013369127397729275 0.013369127397729256 0.007999999856948863 0.007999999856948863 0.007999999856948863 0.01336912739772926 0.01336912739772927 0.7220939627807396 0.007999999856948863 0.013369127397729256 0.007999999856948863 0.007999999856948863 0.018738254938509516 0.013369127397729256 0.007999999856948863 0.024107382479289913 0.007999999856948863 0.013369127397729256 0.013369127397729256 0.007999999856948863 0.007999999856948863 
6.153846018413105E-4 0.001028394410966299 6.153846018413105E-4 0.0010283944109663005 6.153846018413105E-4 6.153846018413105E-4 0.0010283944109663005 0.0010283944109662976 6.153846018413105E-4 0.0010283944109663009 6.153846018413105E-4 0.9191492000958115 0.0010283944109663002 6.153846018413105E-4 6.153846018413105E-4 0.0010283944109663009 6.153846018413105E-4 6.153846018413105E-4 6.153846018413105E-4 0.06297986577971425 6.153846018413105E-4 0.0010283944109663002 0.0010283944109663009 6.153846018413105E-4 6.153846018413105E-4 
0.004444444356141259 0.8814019409412478 0.004444444356141259 0.004444444356141259 0.016375838867503184 0.004444444356141259 0.004444444356141259 0.004444444356141259 0.004444444356141259 0.004444444356141259 0.004444444356141259 0.004444444356141259 0.004444444356141259 0.004444444356141259 0.004444444356141259 0.004444444356141259 0.004444444356141259 0.004444444356141259 0.004444444356141259 0.004444444356141259 0.004444444356141259 0.004444444356141259 0.004444444356141259 0.004444444356141259 0.004444444356141259 
0.007999999856948863 0.013369127397729256 0.007999999856948863 0.007999999856948863 0.007999999856948863 0.013369127397729256 0.007999999856948863 0.007999999856948863 0.007999999856948863 0.007999999856948863 0.007999999856948863 0.007999999856948863 0.007999999856948863 0.007999999856948863 0.01336912739772926 0.007999999856948863 0.007999999856948863 0.007999999856948863 0.7543087280254216 0.007999999856948863 0.007999999856948863 0.04558389264241163 0.007999999856948863 0.007999999856948863 0.007999999856948863 
0.02830723337886531 0.040238627890227384 0.043221476518067785 0.04918717377374892 0.02234153612318419 0.07603281142431317 0.025324384751024664 0.010410141611822285 0.03129008200670579 0.06410141691295118 0.02830723337886521 0.06708426554079158 0.022341536123184156 0.019358687495343724 0.025324384751024682 0.04023862789022724 0.04322147651806791 0.05813571965727021 0.031290082006705806 0.04023862789022725 0.07006711416863211 0.025324384751024692 0.055152871029429826 0.06708426554079165 0.01637583886750328 
0.007999999856948863 0.007999999856948863 0.007999999856948863 0.007999999856948863 0.1744429536211413 0.007999999856948863 0.007999999856948863 0.007999999856948863 0.013369127397729256 0.007999999856948863 0.007999999856948863 0.013369127397729256 0.007999999856948863 0.018738254938509544 0.007999999856948863 0.013369127397729256 0.007999999856948863 0.007999999856948863 0.013369127397729266 0.593234901802011 0.007999999856948863 0.01873825493850964 0.007999999856948863 0.013369127397729271 0.007999999856948863 
0.034845637560850753 0.05632214772397245 0.029476510020070356 0.0402147651016313 0.04021476510163124 0.04558389264241163 0.04021476510163122 0.04558389264241172 0.0402147651016312 0.07242953034631365 0.029476510020070498 0.03484563756085086 0.03484563756085089 0.0187382549385096 0.034845637560850844 0.07242953034631375 0.018738254938509655 0.03484563756085077 0.029476510020070363 0.04558389264241174 0.045583892642411736 0.05632214772397239 0.0616912752647529 0.013369127397729256 0.024107382479289948 
0.0013793103150606964 0.0013793103150606964 0.0013793103150606964 0.0013793103150606964 0.0013793103150606964 0.0013793103150606964 0.0013793103150606964 0.0013793103150606964 0.0013793103150606964 0.0013793103150606964 0.0013793103150606964 0.0013793103150606964 0.0013793103150606964 0.0013793103150606964 0.0013793103150606964 0.0013793103150606964 0.0013793103150606964 0.0013793103150606964 0.0013793103150606964 0.9668965524385436 0.0013793103150606964 0.0013793103150606964 0.0013793103150606964 0.0013793103150606964 0.0013793103150606964 
0.04183181997872127 0.016565337513601647 0.24396367969967742 0.010248716897321751 0.00866956174325173 0.013407027205461643 0.014986182359531634 0.011827872051391708 0.00866956174325179 0.008669561743251732 0.0039320962810418985 0.014986182359531676 0.007090406589181832 0.0023529411269719263 0.07341492306012064 0.19816818023164826 0.0023529411269719263 0.011827872051391712 0.2092222663101381 0.007090406589181822 0.013407027205461688 0.018144492667671635 0.027619423592091418 0.022881958129881575 0.00866956174325172 
0.034272930634546256 0.046204325145908276 0.025324384751024668 0.02830723337886523 0.04023862789022735 0.037255779262386886 0.055152871029429666 0.043221476518067785 0.028307233378865235 0.1028784490748774 0.03129008200670574 0.025324384751024723 0.02532438475102471 0.03129008200670577 0.05217002240158935 0.031290082006705675 0.05217002240158936 0.040238627890227203 0.04918717377374889 0.04023862789022724 0.04918717377374884 0.037255779262386775 0.04620432514590829 0.028307233378865225 0.01935868749534372 
0.050953020183192144 0.07242953034631368 0.029476510020070398 0.040214765101631175 0.05632214772397246 0.05095302018319211 0.07779865788709406 0.04021476510163123 0.05632214772397251 0.029476510020070523 0.024107382479289924 0.034845637560850885 0.024107382479289906 0.024107382479290028 0.03484563756085083 0.04021476510163136 0.013369127397729256 0.029476510020070314 0.06706040280553324 0.03484563756085087 0.02947651002007033 0.05632214772397246 0.040214765101631245 0.024107382479289927 0.01873825493850958 
0.0010958301100707601 6.557376905014277E-4 0.001095830110070763 6.557376905014277E-4 0.003296292207917436 0.0010958301100707612 0.020459896571121603 6.557376905014277E-4 6.557376905014277E-4 6.557376905014277E-4 0.001095830110070763 0.6687160305967548 0.0010958301100707597 6.557376905014277E-4 6.557376905014277E-4 6.557376905014277E-4 0.001095830110070763 6.557376905014277E-4 0.001095830110070763 0.287595995249708 0.003736384627486771 6.557376905014277E-4 6.557376905014277E-4 6.557376905014277E-4 6.557376905014277E-4 
0.004444444356141259 0.8694705464298857 0.004444444356141259 0.004444444356141259 0.028307233378865253 0.004444444356141259 0.004444444356141259 0.004444444356141259 0.004444444356141259 0.004444444356141259 0.004444444356141259 0.004444444356141259 0.004444444356141259 0.004444444356141259 0.004444444356141259 0.004444444356141259 0.004444444356141259 0.004444444356141259 0.004444444356141259 0.004444444356141259 0.004444444356141259 0.004444444356141259 0.004444444356141259 0.004444444356141259 0.004444444356141259 
0.007999999856948863 0.007999999856948863 0.007999999856948863 0.013369127397729256 0.007999999856948863 0.007999999856948863 0.007999999856948863 0.007999999856948863 0.007999999856948863 0.007999999856948863 0.007999999856948863 0.8026308758924449 0.007999999856948863 0.007999999856948863 0.007999999856948863 0.007999999856948863 0.007999999856948863 0.007999999856948863 0.007999999856948863 0.007999999856948863 0.007999999856948863 0.007999999856948863 0.007999999856948863 0.007999999856948863 0.007999999856948863 
0.028307233378865284 0.043221476518067924 0.013392990239662771 0.031290082006705695 0.05813571965727028 0.055152871029429874 0.05217002240158937 0.05813571965727023 0.05515287102942979 0.052170022401589335 0.022341536123184152 0.03427293063454621 0.010410141611822292 0.016375838867503278 0.052170022401589286 0.034272930634546256 0.016375838867503205 0.05515287102942979 0.05515287102942976 0.06410141691295117 0.04620432514590837 0.04322147651806778 0.03427293063454627 0.055152871029429826 0.013392990239662799 
7.54716964581125E-4 7.54716964581125E-4 0.0012612384286417714 7.54716964581125E-4 7.54716964581125E-4 7.54716964581125E-4 7.54716964581125E-4 7.54716964581125E-4 0.0012612384286417714 7.54716964581125E-4 7.54716964581125E-4 7.54716964581125E-4 7.54716964581125E-4 0.0012612384286417714 7.54716964581125E-4 7.54716964581125E-4 0.0012612384286417716 0.9135063952018633 0.0645764214362224 0.0032873242848843564 7.54716964581125E-4 7.54716964581125E-4 7.54716964581125E-4 7.54716964581125E-4 7.54716964581125E-4 
0.02410738247928997 0.029476510020070363 0.03484563756085084 0.029476510020070467 0.040214765101631335 0.029476510020070432 0.056322147723972496 0.029476510020070398 0.02947651002007033 0.07242953034631369 0.01336912739772927 0.05632214772397246 0.034845637560850844 0.06169127526475287 0.05095302018319212 0.06706040280553324 0.02410738247928992 0.01873825493850965 0.045583892642411694 0.029476510020070314 0.07242953034631355 0.01873825493850964 0.06169127526475288 0.04021476510163127 0.029476510020070398 
7.01754370554665E-4 7.01754370554665E-4 7.01754370554665E-4 7.01754370554665E-4 7.01754370554665E-4 7.01754370554665E-4 7.01754370554665E-4 7.01754370554665E-4 7.01754370554665E-4 7.01754370554665E-4 7.01754370554665E-4 7.01754370554665E-4 7.01754370554665E-4 7.01754370554665E-4 7.01754370554665E-4 7.01754370554665E-4 7.01754370554665E-4 0.9831578951066883 7.01754370554665E-4 7.01754370554665E-4 7.01754370554665E-4 7.01754370554665E-4 7.01754370554665E-4 7.01754370554665E-4 7.01754370554665E-4 
8.888888694621888E-4 0.9786666671329083 8.888888694621888E-4 8.888888694621888E-4 8.888888694621888E-4 8.888888694621888E-4 8.888888694621888E-4 8.888888694621888E-4 8.888888694621888E-4 8.888888694621888E-4 8.888888694621888E-4 8.888888694621888E-4 8.888888694621888E-4 8.888888694621888E-4 8.888888694621888E-4 8.888888694621888E-4 8.888888694621888E-4 8.888888694621888E-4 8.888888694621888E-4 8.888888694621888E-4 8.888888694621888E-4 8.888888694621888E-4 8.888888694621888E-4 8.888888694621888E-4 8.888888694621888E-4 
0.004444444356141259 0.6815510828759344 0.007427292983981742 0.016375838867503243 0.11182699495839901 0.010410141611822249 0.01041014161182225 0.007427292983981764 0.010410141611822276 0.010410141611822252 0.004444444356141259 0.007427292983981775 0.007427292983981754 0.010410141611822271 0.007427292983981749 0.00742729298398177 0.010410141611822297 0.022341536123184173 0.004444444356141259 0.010410141611822285 0.010410141611822245 0.007427292983981742 0.007427292983981765 0.00742729298398174 0.004444444356141259 
0.013369127397729271 0.04021476510163123 0.007999999856948863 0.013369127397729256 0.02947651002007039 0.02947651002007035 0.029476510020070488 0.04558389264241163 0.029476510020070422 0.02947651002007048 0.01873825493850965 0.36773154508923567 0.024107382479289962 0.02410738247928991 0.03484563756085082 0.024107382479289948 0.018738254938509544 0.029476510020070373 0.029476510020070356 0.04558389264241164 0.050953020183192116 0.01336912739772927 0.007999999856948863 0.018738254938509606 0.02410738247928993 
0.0010810810575701186 0.0018066388305460655 0.0010810810575701186 0.0010810810575701186 0.0018066388305460702 0.0010810810575701186 0.0010810810575701186 0.0010810810575701186 0.0010810810575701186 0.0010810810575701186 0.0010810810575701186 0.7832323603256423 0.0010810810575701186 0.0010810810575701186 0.0010810810575701186 0.0010810810575701186 0.0010810810575701186 0.0010810810575701186 0.0010810810575701186 0.1839216398475092 0.005434427695425792 0.0018066388305460661 0.001806638830546071 0.0010810810575701186 0.001806638830546071 
0.011337119207300411 0.011337119207300413 0.005141972061904226 0.007207021110369625 0.007207021110369629 0.009272070158835024 0.015467217304231135 0.0030769230134388295 0.011337119207300414 0.07741868875819242 0.013402168255765809 0.0051419720619042455 0.009272070158835024 0.011337119207300404 0.38924109507646665 0.015467217304231158 0.007207021110369628 0.0030769230134388295 0.33554981981636667 0.011337119207300411 0.005141972061904245 0.007207021110369634 0.0051419720619042325 0.017532266352696564 0.005141972061904238 
0.0015999999656677291 0.0015999999656677291 0.0015999999656677291 0.0015999999656677291 0.957304698806714 0.0026738254699835086 0.0026738254699835086 0.0015999999656677291 0.0015999999656677291 0.0015999999656677291 0.0015999999656677291 0.0015999999656677291 0.0015999999656677291 0.0015999999656677291 0.0015999999656677291 0.0015999999656677291 0.002673825469983509 0.0015999999656677291 0.0015999999656677291 0.0015999999656677291 0.0015999999656677291 0.0015999999656677291 0.0015999999656677291 0.0026738254699835086 0.0015999999656677291 
0.0055112514351118675 0.3213422822491059 0.005511251435111866 0.0023529411269719263 0.0023529411269719263 0.0023529411269719263 0.005511251435111866 0.007090406589181822 0.003932096281041899 0.0023529411269719263 0.0023529411269719263 0.5755862620543707 0.003932096281041898 0.0023529411269719263 0.007090406589181819 0.0023529411269719263 0.0023529411269719263 0.0023529411269719263 0.003932096281041896 0.0023529411269719263 0.003932096281041898 0.01972364782174164 0.0023529411269719263 0.00866956174325179 0.0023529411269719263 
0.050953020183192026 0.05632214772397248 0.034845637560850816 0.04558389264241165 0.02410738247928997 0.07242953034631364 0.050953020183192026 0.045583892642411646 0.018738254938509644 0.045583892642411625 0.013369127397729256 0.034845637560850865 0.024107382479289924 0.04558389264241176 0.05632214772397251 0.04021476510163131 0.018738254938509624 0.040214765101631245 0.04558389264241165 0.056322147723972496 0.040214765101631335 0.05095302018319207 0.018738254938509547 0.045583892642411694 0.02410738247928999 
0.00829658034337315 0.0031831255600462426 0.004461489255877968 0.0044614892558779784 0.00446148925587798 0.001904761864214529 0.001904761864214529 0.010853307735036606 0.4071460534428717 0.045369127522493245 0.0031831255600462444 0.0031831255600462413 0.023636944693353885 0.001904761864214529 0.0581527644808105 0.04153403643499823 0.001904761864214529 0.001904761864214529 0.003183125560046247 0.001904761864214529 0.33811441386795976 0.001904761864214529 0.004461489255877984 0.021080217301690424 0.001904761864214529 
0.0342729306345463 0.03725577926238673 0.022341536123184205 0.028307233378865287 0.07006711416863223 0.05515287102942975 0.05515287102942978 0.04620432514590832 0.016375838867503226 0.03129008200670581 0.007427292983981748 0.04918717377374888 0.03129008200670583 0.03725577926238675 0.037255779262386775 0.04620432514590833 0.03427293063454628 0.04620432514590831 0.0551528710294298 0.05217002240158941 0.05515287102942976 0.058135719657270234 0.055152871029429694 0.03129008200670581 0.007427292983981761 
0.0026738254699835086 0.0015999999656677291 0.0015999999656677291 0.0015999999656677291 0.002673825469983509 0.0015999999656677291 0.0015999999656677291 0.0026738254699835086 0.0026738254699835086 0.0026738254699835086 0.003747650974299288 0.0015999999656677291 0.0015999999656677291 0.0015999999656677291 0.2722040270532457 0.0015999999656677291 0.0015999999656677291 0.6781100676846102 0.003747650974299288 0.0026738254699835086 0.0015999999656677291 0.0015999999656677291 0.0037476509742992888 0.0015999999656677291 0.0015999999656677291 
0.007999999856948863 0.018738254938509516 0.013369127397729266 0.013369127397729271 0.013369127397729256 0.02410738247928991 0.013369127397729256 0.01336912739772927 0.007999999856948863 0.01873825493850963 0.013369127397729268 0.6684026873729361 0.01873825493850963 0.007999999856948863 0.007999999856948863 0.01873825493850962 0.007999999856948863 0.01336912739772927 0.018738254938509627 0.024107382479289972 0.013369127397729256 0.013369127397729256 0.007999999856948863 0.013369127397729268 0.007999999856948863 
0.0010810810575701186 0.0010810810575701186 0.0010810810575701186 0.0018066388305460672 0.001806638830546065 0.001806638830546065 0.001806638830546071 0.0010810810575701186 0.0010810810575701186 0.001806638830546067 0.0010810810575701186 0.0010810810575701186 0.0010810810575701186 0.0010810810575701186 0.0010810810575701186 0.0010810810575701186 0.0010810810575701186 0.0010810810575701186 0.48430255785955184 0.0010810810575701186 0.0010810810575701186 0.0010810810575701186 0.48575367340550263 0.0025321966035220093 0.0010810810575701186 
0.007999999856948863 0.007999999856948863 0.007999999856948863 0.013369127397729264 0.007999999856948863 0.007999999856948863 0.007999999856948863 0.007999999856948863 0.007999999856948863 0.007999999856948863 0.007999999856948863 0.007999999856948863 0.007999999856948863 0.007999999856948863 0.007999999856948863 0.007999999856948863 0.007999999856948863 0.007999999856948863 0.013369127397729256 0.007999999856948863 0.007999999856948863 0.007999999856948863 0.7972617483516644 0.007999999856948863 0.007999999856948863 
0.0023050219565980846 0.0023050219565980824 0.0013793103150606964 0.0013793103150606964 0.0013793103150606964 0.0013793103150606964 0.0013793103150606964 0.0023050219565980846 0.0023050219565980737 0.0013793103150606964 0.0013793103150606964 0.0023050219565980846 0.002305021956598084 0.0013793103150606964 0.002305021956598084 0.0013793103150606964 0.002305021956598083 0.0023050219565980846 0.9344966449847347 0.0013793103150606964 0.0013793103150606964 0.0013793103150606964 0.025447812995032522 0.0013793103150606964 0.0013793103150606964 
0.007999999856948863 0.7113557076991788 0.007999999856948863 0.007999999856948863 0.08853691296865489 0.007999999856948863 0.007999999856948863 0.007999999856948863 0.007999999856948863 0.007999999856948863 0.007999999856948863 0.007999999856948863 0.007999999856948863 0.007999999856948863 0.018738254938509592 0.007999999856948863 0.007999999856948863 0.007999999856948863 0.007999999856948863 0.007999999856948863 0.007999999856948863 0.013369127397729271 0.007999999856948863 0.007999999856948863 0.007999999856948863 
0.0023529411269719263 0.005511251435111866 0.0023529411269719263 0.005511251435111866 0.003932096281041897 0.0023529411269719263 0.003932096281041896 0.005511251435111868 0.003932096281041899 0.0023529411269719263 0.003932096281041896 0.003932096281041896 0.0023529411269719263 0.0023529411269719263 0.005511251435111868 0.0023529411269719263 0.0023529411269719263 0.0023529411269719263 0.0023529411269719263 0.9214212407956925 0.0023529411269719263 0.0023529411269719263 0.003932096281041896 0.0023529411269719263 0.0023529411269719263 
0.0015999999656677291 0.0026738254699835086 0.0015999999656677291 0.0015999999656677291 0.0015999999656677291 0.0015999999656677291 0.0015999999656677291 0.0015999999656677291 0.0015999999656677291 0.9551570477980823 0.0015999999656677291 0.0015999999656677291 0.0015999999656677291 0.0015999999656677291 0.0015999999656677291 0.0015999999656677291 0.0015999999656677291 0.0026738254699835095 0.0037476509742992888 0.0015999999656677291 0.0015999999656677291 0.0026738254699835086 0.0015999999656677291 0.0015999999656677291 0.0026738254699835086 
0.0030769230134388295 0.9261538476774677 0.0030769230134388295 0.0030769230134388295 0.0030769230134388295 0.0030769230134388295 0.0030769230134388295 0.0030769230134388295 0.0030769230134388295 0.0030769230134388295 0.0030769230134388295 0.0030769230134388295 0.0030769230134388295 0.0030769230134388295 0.0030769230134388295 0.0030769230134388295 0.0030769230134388295 0.0030769230134388295 0.0030769230134388295 0.0030769230134388295 0.0030769230134388295 0.0030769230134388295 0.0030769230134388295 0.0030769230134388295 0.0030769230134388295 
0.04021476510163124 0.0187382549385096 0.029476510020070342 0.05095302018319211 0.024107382479289976 0.040214765101631224 0.02410738247929002 0.040214765101631314 0.05095302018319209 0.03484563756085084 0.05095302018319203 0.04558389264241165 0.029476510020070432 0.04021476510163124 0.02947651002007044 0.05095302018319202 0.018738254938509627 0.034845637560850906 0.04558389264241164 0.04021476510163126 0.06706040280553324 0.02410738247929 0.05095302018319205 0.08316778542787451 0.034845637560850906 
0.007999999856948863 0.029476510020070432 0.01873825493850958 0.013369127397729256 0.007999999856948863 0.007999999856948863 0.050953020183192047 0.007999999856948863 0.007999999856948863 0.024107382479290007 0.007999999856948863 0.013369127397729268 0.007999999856948863 0.007999999856948863 0.007999999856948863 0.007999999856948863 0.06169127526475291 0.007999999856948863 0.029476510020070422 0.007999999856948863 0.013369127397729256 0.6254496670466931 0.007999999856948863 0.007999999856948863 0.007999999856948863 
6.153846018413105E-4 0.0010283944109663009 6.153846018413105E-4 0.0010283944109662992 0.00185441402921627 6.153846018413105E-4 6.153846018413105E-4 0.0010283944109663005 6.153846018413105E-4 0.0010283944109662987 6.153846018413105E-4 6.153846018413105E-4 6.153846018413105E-4 6.153846018413105E-4 0.0022674238383412516 6.153846018413105E-4 6.153846018413105E-4 0.0014414042200912869 0.006810531738716094 0.0014414042200912936 0.0010283944109663009 6.153846018413105E-4 0.0010283944109662994 0.9716014458546854 0.0010283944109662987 
6.153846018413105E-4 0.0010283944109663007 6.153846018413105E-4 0.0010283944109663009 6.153846018413105E-4 6.153846018413105E-4 0.002267423838341257 0.0010283944109663002 6.153846018413105E-4 0.0022674238383412534 6.153846018413105E-4 0.0010283944109662983 6.153846018413105E-4 6.153846018413105E-4 6.153846018413105E-4 0.0014414042200912851 6.153846018413105E-4 0.9786226126098104 6.153846018413105E-4 6.153846018413105E-4 0.0010283944109663009 6.153846018413105E-4 0.0010283944109663009 6.153846018413105E-4 6.153846018413105E-4 
0.004444444356141259 0.01339299023966281 0.007427292983981738 0.007427292983981761 0.01339299023966281 0.010410141611822238 0.010410141611822289 0.004444444356141259 0.004444444356141259 0.004444444356141259 0.007427292983981764 0.061118568285110815 0.004444444356141259 0.004444444356141259 0.007427292983981738 0.007427292983981775 0.004444444356141259 0.007427292983981775 0.7441909040605851 0.025324384751024647 0.01041014161182225 0.004444444356141259 0.016375838867503267 0.004444444356141259 0.010410141611822273 
0.0013793103150606964 0.007859291805822366 0.004156445239672808 0.8160055548679501 0.0023050219565980833 0.006007868522747573 0.002305021956598074 0.00415644523967281 0.07358481835497598 0.006007868522747559 0.0013793103150606964 0.0023050219565980846 0.005082156881210184 0.0023050219565980837 0.008785003447359717 0.0032307335981354547 0.0023050219565980837 0.0013793103150606964 0.013413561655046645 0.006007868522747562 0.012487850013509228 0.0013793103150606964 0.00600786852274756 0.00600786852274755 0.004156445239672813 
0.0013793103150606964 0.044887757467317366 0.0013793103150606964 0.0023050219565980733 0.0013793103150606964 0.0013793103150606964 0.002305021956598083 0.0013793103150606964 0.0013793103150606964 0.0013793103150606964 0.0013793103150606964 0.0013793103150606964 0.09765332103494788 0.0013793103150606964 0.014339273296583957 0.0013793103150606964 0.0013793103150606964 0.0013793103150606964 0.005082156881210176 0.8067484384525764 0.002305021956598083 0.0023050219565980846 0.0013793103150606964 0.0013793103150606964 0.0013793103150606964 
8.888888694621888E-4 8.888888694621888E-4 8.888888694621888E-4 8.888888694621888E-4 8.888888694621888E-4 8.888888694621888E-4 8.888888694621888E-4 8.888888694621888E-4 8.888888694621888E-4 8.888888694621888E-4 8.888888694621888E-4 8.888888694621888E-4 8.888888694621888E-4 8.888888694621888E-4 8.888888694621888E-4 8.888888694621888E-4 8.888888694621888E-4 0.9786666671329083 8.888888694621888E-4 8.888888694621888E-4 8.888888694621888E-4 8.888888694621888E-4 8.888888694621888E-4 8.888888694621888E-4 8.888888694621888E-4 
1.990049706984E-4 1.990049706984E-4 1.990049706984E-4 1.990049706984E-4 1.990049706984E-4 1.990049706984E-4 1.990049706984E-4 1.990049706984E-4 1.990049706984E-4 1.990049706984E-4 1.990049706984E-4 0.8638004608749406 1.990049706984E-4 3.325653567027678E-4 1.990049706984E-4 1.990049706984E-4 3.325653567027678E-4 1.990049706984E-4 7.332465147158704E-4 0.1304203813249568 1.990049706984E-4 5.996861287115034E-4 1.990049706984E-4 1.990049706984E-4 1.990049706984E-4 
0.010410141611822283 0.010410141611822275 0.1565697243760071 0.07006711416863182 0.007427292983981765 0.010410141611822287 0.010410141611822262 0.013392990239662768 0.3743176742083626 0.02532438475102467 0.1476211784924851 0.007427292983981761 0.007427292983981769 0.022341536123184277 0.007427292983981775 0.010410141611822243 0.004444444356141259 0.010410141611822304 0.010410141611822283 0.010410141611822304 0.025324384751024713 0.007427292983981769 0.007427292983981749 0.025324384751024654 0.007427292983981744 
0.010410141611822243 0.02234153612318414 0.010410141611822308 0.02830723337886517 0.019358687495343783 0.025324384751024668 0.025324384751024654 0.02830723337886531 0.028307233378865246 0.03427293063454636 0.007427292983981744 0.03725577926238679 0.4160775549981293 0.02234153612318418 0.04918717377374878 0.02532438475102472 0.019358687495343693 0.016375838867503247 0.04322147651806773 0.019358687495343665 0.019358687495343745 0.01041014161182227 0.03427293063454637 0.03427293063454622 0.013392990239662774 
0.007427292983981763 0.019358687495343717 0.019358687495343665 0.02234153612318422 0.007427292983981775 0.022341536123184257 0.04322147651806781 0.07901566005215341 0.010410141611822308 0.019358687495343703 0.007427292983981764 0.013392990239662757 0.004444444356141259 0.007427292983981765 0.016375838867503142 0.013392990239662764 0.38624906871972425 0.010410141611822259 0.019358687495343686 0.007427292983981754 0.004444444356141259 0.2281580914441786 0.016375838867503188 0.007427292983981769 0.007427292983981773 
0.0012121211858491894 0.0012121211858491894 0.0012121211858491894 0.0012121211858491894 0.9709090915396219 0.0012121211858491894 0.0012121211858491894 0.0012121211858491894 0.0012121211858491894 0.0012121211858491894 0.0012121211858491894 0.0012121211858491894 0.0012121211858491894 0.0012121211858491894 0.0012121211858491894 0.0012121211858491894 0.0012121211858491894 0.0012121211858491894 0.0012121211858491894 0.0012121211858491894 0.0012121211858491894 0.0012121211858491894 0.0012121211858491894 0.0012121211858491894 0.0012121211858491894 
0.0030769230134388295 0.0030769230134388295 0.0030769230134388295 0.005141972061904241 0.0030769230134388295 0.0030769230134388295 0.0030769230134388295 0.0051419720619042385 0.0030769230134388295 0.0030769230134388295 0.0030769230134388295 0.9013732590958832 0.0030769230134388295 0.0030769230134388295 0.005141972061904236 0.009272070158835022 0.0072070211103696215 0.005141972061904237 0.005141972061904238 0.005141972061904246 0.0030769230134388295 0.0030769230134388295 0.0051419720619042195 0.0030769230134388295 0.0030769230134388295 
0.007999999856948863 0.7704161106477627 0.007999999856948863 0.007999999856948863 0.0241073824792899 0.007999999856948863 0.007999999856948863 0.01336912739772927 0.007999999856948863 0.007999999856948863 0.007999999856948863 0.007999999856948863 0.007999999856948863 0.007999999856948863 0.007999999856948863 0.007999999856948863 0.007999999856948863 0.013369127397729256 0.007999999856948863 0.013369127397729256 0.007999999856948863 0.007999999856948863 0.013369127397729256 0.007999999856948863 0.007999999856948863 
0.0013793103150606964 0.0013793103150606964 0.0013793103150606964 0.0013793103150606964 0.003230733598135472 0.0013793103150606964 0.0023050219565980846 0.0013793103150606964 0.0023050219565980802 0.0013793103150606964 0.0013793103150606964 0.0023050219565980846 0.0013793103150606964 0.0013793103150606964 0.003230733598135466 0.0023050219565980846 0.0013793103150606964 0.0013793103150606964 0.13653320997951754 0.002305021956598083 0.0023050219565980824 0.0013793103150606964 0.8039713035279641 0.017116408221196137 0.00415644523967282 
0.001651190573897474 5.479451933996946E-4 9.1569365356562E-4 9.156936535656204E-4 5.479451933996946E-4 5.479451933996946E-4 0.004593178255224879 0.00753516593655224 5.479451933996946E-4 5.479451933996946E-4 5.479451933996946E-4 5.479451933996946E-4 5.479451933996946E-4 5.479451933996946E-4 9.156936535656202E-4 5.479451933996946E-4 5.479451933996946E-4 5.479451933996946E-4 5.479451933996946E-4 5.479451933996946E-4 0.0027544359543952303 0.9714038800314387 5.479451933996946E-4 5.479451933996946E-4 5.479451933996946E-4 
0.0010810810575701186 0.0010810810575701186 0.0010810810575701186 0.0010810810575701186 0.9740540546183171 0.0010810810575701186 0.0010810810575701186 0.0010810810575701186 0.0010810810575701186 0.0010810810575701186 0.0010810810575701186 0.0010810810575701186 0.0010810810575701186 0.0010810810575701186 0.0010810810575701186 0.0010810810575701186 0.0010810810575701186 0.0010810810575701186 0.0010810810575701186 0.0010810810575701186 0.0010810810575701186 0.0010810810575701186 0.0010810810575701186 0.0010810810575701186 0.0010810810575701186 
0.0023050219565980833 0.0013793103150606964 0.0013793103150606964 0.0013793103150606964 0.9585651476647068 0.0013793103150606964 0.0013793103150606964 0.0013793103150606964 0.0023050219565980794 0.0013793103150606964 0.0013793103150606964 0.0013793103150606964 0.0013793103150606964 0.0013793103150606964 0.0013793103150606964 0.0023050219565980846 0.0023050219565980733 0.0013793103150606964 0.0013793103150606964 0.0023050219565980846 0.0023050219565980833 0.0013793103150606964 0.0032307335981354595 0.0023050219565980846 0.0013793103150606964 
0.0023529411269719263 0.0023529411269719263 0.0023529411269719263 0.0023529411269719263 0.0023529411269719263 0.0023529411269719263 0.0023529411269719263 0.13973943953105944 0.008669561743251716 0.0023529411269719263 0.0023529411269719263 0.0023529411269719263 0.0023529411269719263 0.0023529411269719263 0.0023529411269719263 0.0023529411269719263 0.0023529411269719263 0.0023529411269719263 0.0023529411269719263 0.0023529411269719263 0.0023529411269719263 0.0023529411269719263 0.0023529411269719263 0.798247138778235 0.0039320962810418985 
0.0012121211858491894 0.0012121211858491894 0.0012121211858491894 0.0012121211858491894 0.9684685790303423 0.0012121211858491894 0.0012121211858491894 0.0012121211858491894 0.0012121211858491894 0.0020256253556090635 0.0012121211858491894 0.0012121211858491894 0.0012121211858491894 0.0012121211858491894 0.0012121211858491894 0.0012121211858491894 0.0012121211858491894 0.0012121211858491894 0.0012121211858491894 0.0020256253556090557 0.0012121211858491894 0.0012121211858491894 0.0012121211858491894 0.0020256253556090583 0.0012121211858491894 
8.888888694621888E-4 8.888888694621888E-4 8.888888694621888E-4 0.0014854585938450108 8.888888694621888E-4 8.888888694621888E-4 8.888888694621888E-4 8.888888694621888E-4 8.888888694621888E-4 0.0014854585938450149 0.0014854585938450112 8.888888694621888E-4 8.888888694621888E-4 8.888888694621888E-4 8.888888694621888E-4 0.0014854585938450196 8.888888694621888E-4 8.888888694621888E-4 0.011030574183970191 8.888888694621888E-4 8.888888694621888E-4 8.888888694621888E-4 0.966138702920869 8.888888694621888E-4 8.888888694621888E-4 
0.0012121211858491894 0.0012121211858491894 0.0012121211858491894 0.0012121211858491894 0.0012121211858491894 0.0012121211858491894 0.0012121211858491894 0.0012121211858491894 0.0012121211858491894 0.0012121211858491894 0.0012121211858491894 0.0012121211858491894 0.9709090915396219 0.0012121211858491894 0.0012121211858491894 0.0012121211858491894 0.0012121211858491894 0.0012121211858491894 0.0012121211858491894 0.0012121211858491894 0.0012121211858491894 0.0012121211858491894 0.0012121211858491894 0.0012121211858491894 0.0012121211858491894 
0.007999999856948863 0.007999999856948863 0.007999999856948863 0.018738254938509585 0.007999999856948863 0.007999999856948863 0.034845637560850885 0.05632214772397261 0.013369127397729271 0.007999999856948863 0.007999999856948863 0.007999999856948863 0.007999999856948863 0.007999999856948863 0.024107382479289848 0.013369127397729256 0.4106845654154789 0.013369127397729266 0.007999999856948863 0.007999999856948863 0.007999999856948863 0.27645637689596886 0.013369127397729256 0.013369127397729262 0.007999999856948863 
0.004444444356141259 0.004444444356141259 0.004444444356141259 0.004444444356141259 0.004444444356141259 0.004444444356141259 0.004444444356141259 0.004444444356141259 0.004444444356141259 0.004444444356141259 0.004444444356141259 0.004444444356141259 0.004444444356141259 0.004444444356141259 0.004444444356141259 0.004444444356141259 0.004444444356141259 0.004444444356141259 0.8873676381969288 0.004444444356141259 0.004444444356141259 0.010410141611822311 0.004444444356141259 0.004444444356141259 0.004444444356141259 
0.004444444356141259 0.8933333354526096 0.004444444356141259 0.004444444356141259 0.004444444356141259 0.004444444356141259 0.004444444356141259 0.004444444356141259 0.004444444356141259 0.004444444356141259 0.004444444356141259 0.004444444356141259 0.004444444356141259 0.004444444356141259 0.004444444356141259 0.004444444356141259 0.004444444356141259 0.004444444356141259 0.004444444356141259 0.004444444356141259 0.004444444356141259 0.004444444356141259 0.004444444356141259 0.004444444356141259 0.004444444356141259 
0.004444444356141259 0.8456077574071618 0.004444444356141259 0.004444444356141259 0.004444444356141259 0.004444444356141259 0.004444444356141259 0.004444444356141259 0.004444444356141259 0.004444444356141259 0.004444444356141259 0.004444444356141259 0.004444444356141259 0.004444444356141259 0.004444444356141259 0.004444444356141259 0.01637583886750317 0.004444444356141259 0.010410141611822313 0.03427293063454635 0.004444444356141259 0.004444444356141259 0.004444444356141259 0.004444444356141259 0.004444444356141259 
8.888888694621888E-4 0.005661446664524765 0.002678598042610661 0.0014854585938450196 8.888888694621888E-4 8.888888694621888E-4 8.888888694621888E-4 0.001485458593845018 8.888888694621888E-4 8.888888694621888E-4 8.888888694621888E-4 0.969718121267166 0.0014854585938450196 8.888888694621888E-4 8.888888694621888E-4 8.888888694621888E-4 8.888888694621888E-4 0.0014854585938450194 8.888888694621888E-4 8.888888694621888E-4 8.888888694621888E-4 8.888888694621888E-4 8.888888694621888E-4 8.888888694621888E-4 8.888888694621888E-4 
