0.9973911398135886 7.25006905564684E-4 0.0010161743414127782 4.3383946971659076E-4 4.3383946971659076E-4 
0.955648359717757 8.48651231781699E-4 0.0027265939009027533 0.04028544728332382 4.909478662348288E-4 
0.9899969367743713 8.298755002000011E-4 0.0025007658064063873 0.00305772924180851 0.003614692677210626 
0.7323050798055956 0.25498921091014026 2.693216627358055E-4 0.012058904647010595 3.7748297451814283E-4 
0.5383721173582331 0.004386460083809535 6.230529456186237E-4 0.4559953166667206 6.230529456186237E-4 
0.9968991135514715 3.565062309048498E-4 0.0010743040272942134 5.957721630346377E-4 0.0010743040272942182 
0.7449530424886361 3.3277869473725323E-4 3.3277869473725323E-4 3.3277869473725323E-4 0.25404862142715173 
0.973890026381163 2.5301149390974327E-4 3.54622536999626E-4 8.626777524490368E-4 0.024639661835481455 
0.7800952042023304 2.811570954650119E-4 2.299445094594363E-4 0.19027985117614227 0.029113843016602883 
0.9989323133957045 1.2774322508337039E-4 4.587621841950826E-4 2.631600719927077E-4 2.1802112302292818E-4 
0.9673305609898327 0.02475177723281336 3.410054360088513E-4 2.1677758971468017E-4 0.007359878751629518 
0.9981502808672272 1.3149243624759405E-4 2.1974239543328503E-4 0.001102241987290192 3.962423138046687E-4 
0.9991498406140928 2.1253984647651592E-4 2.1253984647651592E-4 2.1253984647651592E-4 2.1253984647651592E-4 
0.9979734746852849 7.250069055646845E-4 4.3383946971659076E-4 4.3383946971659076E-4 4.3383946971659076E-4 
0.6725734794177567 9.086778533924684E-5 1.5185287753407908E-4 0.16176234719384006 0.16542145272553008 
0.9955374314905495 0.002791499408208631 3.9741757842805806E-4 7.16628489065468E-4 5.570230337467663E-4 
0.7260179695634069 2.78891512861766E-4 2.1677758971468017E-4 0.0938845736955194 0.17960178763849713 
0.9941700782790382 0.001056472807445028 2.544575618545706E-4 0.0025146823448821986 0.0020043090067791837 
0.6195509329255073 1.590805252035552E-4 6.701826210470263E-4 0.07254391484903491 0.3070758890792067 
0.8227234467450312 2.219755777298702E-4 0.010799335558327364 2.219755777298702E-4 0.16603326654117984 
0.9233432475054604 4.783860160009097E-4 0.06917727187128657 0.006006729834827564 9.943647724247287E-4 
0.993934326362061 2.708242363886651E-4 3.694851609903314E-4 1.7216331178700021E-4 0.005253200928772755 
0.922941367249903 0.050183313267819045 0.022919930299238937 0.003681656027055499 2.737331559829907E-4 
0.8047826110204122 0.0013295083764262154 9.03725068188816E-4 0.00739692051880926 0.1855872350161638 
0.9852570492031281 1.5758047310355424E-4 5.372924615643114E-4 2.208658045136806E-4 0.0138272120576908 
0.9413099825469409 1.0863660811085245E-4 0.039553204595786685 0.0014939356686761865 0.017534240580485184 
0.6768775506359284 1.921229544034064E-4 5.789477034591561E-4 0.0010947140355334892 0.3212566646706755 
0.8994701103666976 0.0013012479802179213 0.03049844347160765 8.277799452224121E-4 0.06790241823625279 
0.9836699483374651 0.012994807458267416 0.0017138886162987638 4.97318937262928E-4 0.0011240366507056308 
0.6459056214753064 0.35127370196006424 7.308211722073485E-4 0.0015684385695498987 5.214168228717135E-4 
0.8178558011763515 3.025718540641679E-4 0.0053792809283456375 0.11056869294745765 0.06589365309378073 
0.999124841807414 1.9882699789027913E-4 4.3837760096210673E-4 1.1897679686633631E-4 1.1897679686633631E-4 
0.7250728957385013 0.0025592213451136763 0.1095416175046819 0.16238550735687787 4.407580548252004E-4 
0.9971173307334729 1.9420580096075272E-4 2.722000995785377E-4 9.741487871385946E-4 0.0014421145788453024 
0.5346927101623591 0.09758813347695851 0.276296051562235 5.414494836293961E-4 0.09088165531481798 
0.9928286149712114 4.1056649551073906E-4 6.458481570744421E-4 0.005469122219130344 6.458481570744421E-4 
0.6107315492199897 0.030007432282012504 0.0012841647583288825 0.020507518898693 0.33746933484097613 
0.40878474570131945 1.6380016014194349E-4 1.6380016014194349E-4 0.24146672603124364 0.34942092794715307 
0.8625243390197482 1.829193172091631E-4 7.809449259328287E-5 1.829193172091631E-4 0.1370317278532408 
0.9983773117219276 5.498062033647448E-4 2.8774414182504253E-4 1.3050690490122298E-4 6.546310279806241E-4 
0.8439565130557227 1.6871690229827612E-4 9.140526252315185E-4 0.005860371513788495 0.14910034590295893 
0.6883863824631453 0.03398686213989504 0.004600328296113086 0.010180801389679731 0.2628456257111669 
0.909585681403224 1.0411243911086881E-4 2.4386068265175914E-4 3.836089261926492E-4 0.08968273654882128 
0.9959062974787366 0.0017948519977344767 7.662835078420667E-4 7.662835078420667E-4 7.662835078420667E-4 
0.9375451416444646 0.061642715953808914 2.924233669551566E-4 2.2729566781837045E-4 2.924233669551572E-4 
0.984700362306452 1.7398656088131394E-4 0.001990713726912883 0.008908251782186925 0.004226685623567135 
0.8278871775670531 0.17134106564320276 1.0982976141246964E-4 3.3096351416553327E-4 3.3096351416553375E-4 
0.7759787794625156 7.993827860130722E-4 4.3813814339703315E-4 2.3171263333072607E-4 0.2225519869747441 
0.6901595561366767 0.004038671903215424 2.936857496860726E-4 0.15147286363163479 0.1540352225787864 
0.8928118443962894 1.0198877895560008E-4 1.7043762542219437E-4 2.3888647188878987E-4 0.10667684272744425 
0.9938229408960513 6.398637344077481E-4 2.630299670827951E-4 7.905972413377275E-4 0.004483568161122214 
0.9994857948543389 6.990562584103953E-5 1.1682215429979916E-4 1.6373868275855905E-4 1.6373868275855973E-4 
0.5239436991753472 0.10150260558959763 2.371840060186315E-4 0.15934592151762025 0.21497058971141733 
0.9991039474906676 8.924587038449187E-5 8.924587038449187E-5 5.085217808912369E-4 2.09038987672133E-4 
0.9947033194900752 0.0025819305090492265 1.6703057643820533E-4 0.0024477694016819475 9.995002275456538E-5 
0.9954428648592862 6.408202356010368E-5 4.511546577426809E-4 0.002601558180979213 0.0014403402784314832 
0.7876736057339229 3.091842585162128E-4 4.333546451232786E-4 0.20233440326821267 0.009249452094224895 
0.44127150561778233 0.36517545652059047 0.0014255480701851754 0.18939127015625729 0.002736219635182392 
0.8102173874119597 1.7841212804071285E-4 1.7841212804071285E-4 0.1890078968320676 4.1789149989109546E-4 
0.8732037693606378 2.51722929271469E-4 9.008651599483517E-4 0.0238372239771982 0.10180641857294348 
0.9754769782327533 5.932312915039833E-4 1.0411243911086881E-4 5.233571697335367E-4 0.023302320866898592 
0.9973911398135886 4.3383946971659076E-4 4.3383946971659076E-4 0.001016174341412778 7.250069055646844E-4 
0.916014100606105 0.003877315014714892 5.233571697335385E-4 0.0022003360922242194 0.07738489111722298 
0.4804394385887439 0.3001569423531228 2.2267034207467786E-4 0.21761689075318313 0.001564057962875433 
0.9707602682042259 3.575510660919448E-4 8.785726591862443E-4 0.027190163110448338 8.134449600494568E-4 
0.6529370964167023 0.3380446710903346 1.6216796868158252E-4 0.008563641157327155 2.924233669551571E-4 
0.6342939374194744 0.2660968378248101 0.05197682640284621 0.0472627125940195 3.696857588501182E-4 
0.9937731537713677 0.0019460391883429338 2.09038987672133E-4 0.003084073802575526 9.876942500417994E-4 
0.9739924985903312 0.0012878321961408976 7.243752101820755E-5 0.024526178384486712 1.210533080231147E-4 
0.9932293244064171 0.001464721951417331 4.2267876522873244E-4 0.0010739557565966062 0.00380931912034167 
0.8341817100543254 0.004272248960719604 0.002784956019691638 0.00575954190174757 0.15300154306351607 
0.9367608988057702 0.0018594354589893953 0.04863500117242585 0.01247084150089024 2.738230619237438E-4 
0.9933117778490237 0.004506047989139692 3.838771507451659E-4 0.001156784182944144 6.415128281448249E-4 
0.7798769458682661 2.0811654061842212E-4 2.0811654061842212E-4 0.21949870450987805 2.0811654061842212E-4 
0.9886592122635744 4.567783385082414E-4 0.005030660253120681 0.005396570806289679 4.5677833850824137E-4 
0.6054905820535283 0.39126993268317123 3.1201247353607826E-4 0.002615460316228085 3.1201247353607826E-4 
0.9713333084942434 0.0010601790645810433 8.308271843234692E-4 0.02261925580879291 0.004156429448058271 
0.46318833255192243 1.448225890897094E-4 6.30804442535168E-4 0.5355024323446064 5.336080718460766E-4 
0.9077168523810056 0.03171021143177553 0.002620860332618251 0.05482384311909019 0.0031282327355105265 
0.995763807665445 2.0387359381672594E-4 2.0387359381672594E-4 0.00362457155310627 2.0387359381672594E-4 
0.6035100542215834 0.33771932464759147 2.141115845316463E-4 0.02128131596681185 0.03727519357948168 
0.7808317063853162 5.994725465435536E-4 0.0010231280581302173 0.21101504330125315 0.006530649708756863 
0.9954311360793882 0.0034129935953542082 5.040235784949872E-4 3.8529010841909726E-4 2.665566383432126E-4 
0.781982614318931 2.167775897146806E-4 1.5466366656759483E-4 0.2175533946813662 9.254974342050949E-5 
0.5852784147229768 0.41289059232303543 4.987531060867827E-4 8.334867418148251E-4 4.987531060867827E-4 
0.9050641879138103 0.012012088064143087 2.3888647188878966E-4 0.08210370684593654 5.8113070422177E-4 
0.8395805426617485 0.1575487846624619 1.6037534110652552E-4 0.002641827634056364 6.846970062690243E-5 
0.911723535729057 0.0877189993307919 1.3257762136139491E-4 1.3257762136139548E-4 2.923096974272268E-4 
0.7782557789301061 0.0618959032747705 2.1677758971468027E-4 0.15357605383986844 0.006055486365540725 
0.9949757227945297 1.7841212804071285E-4 1.7841212804071285E-4 0.004249561449497213 4.1789149989109546E-4 
0.9647885126211742 6.644518124402091E-4 0.0020022742834976607 0.0015563334598118412 0.030988427823075735 
0.994425874923771 4.891302274777677E-4 2.6302996708279554E-4 0.0010920642551976898 0.0037299006264723436 
0.8867943725972331 7.541600377259745E-4 3.0691909504971474E-4 0.11060771658258231 0.0015368316874094343 
0.9949729405809619 1.249219210071479E-4 4.602827902672023E-4 0.0037300512655527307 7.118034422122436E-4 
0.7235048305890047 0.2758292426778043 2.219755777298702E-4 2.219755777298702E-4 2.219755777298702E-4 
0.996824435311478 0.0017503865730323722 4.7505937182962124E-4 4.7505937182962124E-4 4.7505937182962124E-4 
0.8974683573642112 4.853683856655193E-4 4.390987586677613E-4 0.0012719520446274099 0.10033522344682823 
0.732132421002647 0.0028405074681253804 0.003569216414502799 0.04437691741163832 0.21708093770308673 
0.9846241958890264 0.0015498577641263314 9.429514169342729E-5 2.208658045136806E-4 0.013510785400640171 
0.9653799253697717 4.635619742849883E-4 4.635619742849879E-4 0.033415558177449366 2.7739250421061223E-4 
0.9219544885867054 0.058833732465381886 0.002856044696837757 0.015864943966992406 4.907902840823568E-4 
0.8480358615858737 0.14964489958121424 2.982338018259634E-4 2.063281613463375E-4 0.0018146768697397528 
0.9965087446814198 3.296666934383857E-4 0.0025022552382633094 4.241270649525131E-4 2.3520632192425885E-4 
0.943862528460732 9.704026954479411E-5 9.704026954479411E-5 0.02966501567764627 0.02627837532253333 
0.9980604291731776 8.768083977712042E-5 8.768083977712042E-5 0.001499989699969436 2.642194473011613E-4 
0.819666618549122 1.3879250210461726E-4 0.002653824475651964 0.1765636279798329 9.771364932870626E-4 
0.9989959440911401 2.510139772151823E-4 3.06919095049715E-4 1.3920374154611698E-4 3.069190950497146E-4 
0.928749942498978 9.846906200474436E-4 0.012159417332490282 0.002167896977835511 0.05593805257064868 
0.998865228880552 2.552666494255609E-4 3.6897117117120514E-4 1.4156212767991514E-4 3.68971171171205E-4 
0.9959567079471118 0.0020861666487919156 3.1501242550061883E-4 0.001453611569045025 1.8850140955123986E-4 
0.9128142149661896 4.06944334434259E-4 2.2567736897647546E-4 5.882112998920419E-4 0.08596495203050812 
0.9977667031519476 7.785370392436547E-4 1.009591093043458E-4 0.0011850837972072438 1.6871690229827675E-4 
0.9570874453317544 7.933359600611858E-5 7.933359600611858E-5 0.022761288397354085 0.019992599078879698 
0.9988740129672212 5.949675380189902E-4 1.5610844626464502E-4 1.5610844626464524E-4 2.1880260222955137E-4 
0.9631810867507347 8.912865830216175E-4 2.4904644942804095E-4 0.030077532654107626 0.005601047562707874 
0.9981188458435558 1.8766321361780402E-4 1.876632136178045E-4 4.891302274777667E-4 0.001016697501732699 
0.9991896168048205 1.009591093043458E-4 1.009591093043458E-4 4.397480742740008E-4 1.6871690229827615E-4 
0.9976785051695136 4.909478662348284E-4 2.2267034207467786E-4 2.2267034207467786E-4 0.0013852062801020003 
0.9995549952694853 1.3920374154611693E-4 8.329862371158435E-5 1.392037415461169E-4 8.329862371158435E-5 
0.9862303715452608 0.001890326790833852 5.344865088029654E-4 0.008384088141613398 0.002960727013489813 
0.9733974754165607 0.013273166688296808 0.0016335587652249804 0.011381013676171824 3.1478545374393076E-4 
0.8350014093359043 6.840914407529305E-4 3.7937364751145826E-4 0.0034265515799261704 0.1605085739959052 
0.9541534196231348 0.03807784926313454 0.001676984742368452 0.0058800506669060455 2.116957044562583E-4 
0.9608021104699753 2.630891635892128E-4 8.381474481470173E-4 0.012339313139303086 0.025757339778985276 
0.986797971630603 5.664202515143475E-4 0.001391804958181639 0.00593142084485177 0.005312382314851297 
0.9787381477133693 5.024333448564012E-4 0.003051494384834715 0.01418686629631884 0.0035210582606201753 
0.9982967062718237 6.532324755353162E-4 8.470986680709231E-5 8.23789258153781E-4 1.4156212767991522E-4 
0.8322477254636085 0.02812881814085211 2.8300438903932273E-4 0.13837550932149828 9.649426850020836E-4 
0.9987706587265779 1.0198877895560008E-4 2.3888647188878928E-4 2.3888647188878985E-4 6.495795506883616E-4 
0.9635603476798347 0.004695571434109732 7.996801100817207E-5 4.5565666172574145E-4 0.03120845621332095 
0.9061258230428053 0.002137708174167364 1.72265284697246E-4 0.09104509535078581 5.191081475449121E-4 
0.9641172428922737 2.272956678183689E-4 9.704026954479411E-5 0.03539625320168356 1.6216796868158252E-4 
0.9585586243853178 8.959615292346579E-4 0.0024899627712449226 2.9821106348080454E-4 0.03775724025072202 
0.9517652974408024 3.628970504421572E-4 0.0010916059968195727 0.002694765678849896 0.044085433833087356 
0.9981054921169173 1.009591093043458E-4 1.009591093043458E-4 0.0013883571761890386 3.0423248828613937E-4 
0.9363633891331743 0.04940576377258711 1.504854495508679E-4 0.013325516951909007 7.548446927783043E-4 
0.9918888097474757 0.0016284990507535253 3.5074381114485667E-4 0.004950662673736077 0.0011812847168904935 
0.9814454641312815 7.578870373379935E-4 0.0013666316537836493 0.01567213014025646 7.578870373379973E-4 
0.9202388547309729 2.544575618545717E-4 1.0863660811085245E-4 0.07892486210659062 4.731889924701492E-4 
0.9995860300821543 7.748934348368236E-5 7.748934348368236E-5 1.8150188739737903E-4 7.748934348368236E-5 
0.7265298598846082 0.0041996923791747034 9.004952522812453E-5 0.2678816301993057 0.0012987680116829973 
0.9787201189101925 4.3316205215687546E-4 0.00135847485126592 0.012751388690296024 0.006736855496087238 
0.7158326201608431 0.001850767479643477 5.495247928559171E-4 0.16390552978033912 0.1178615577863181 
0.44809525532235567 0.0015448408279237524 2.295229649062753E-4 0.06218099431302923 0.48794938657178505 
0.9996489183878049 1.256024740518311E-4 7.515971271376633E-5 7.515971271376633E-5 7.515971271376633E-5 
0.9740444622141076 0.0173298433010123 0.001781625996475629 0.001781625996475629 0.005062442491928316 
0.999496248770407 9.429514169342729E-5 9.429514169342729E-5 9.429514169342729E-5 2.2086580451368012E-4 
0.9958113427541122 1.249219210071479E-4 1.249219210071479E-4 0.0035623708309227156 3.7644257295218824E-4 
0.8981600733377632 4.909941021011912E-4 8.616975249098547E-5 0.10082960075548816 4.331620521568757E-4 
0.9940164947959664 0.002998430643557525 9.95024853492001E-4 9.95024853492001E-4 9.95024853492001E-4 
0.8181752222133841 1.6380016014194349E-4 2.737331559829907E-4 0.006759779910604859 0.17462746455988604 
0.9993550456283539 8.768083977712042E-5 8.768083977712042E-5 8.768083977712042E-5 3.8191185231718804E-4 
0.9609279761748256 1.1621150234296878E-4 0.03412172569969681 0.0015201088774630873 0.0033139777456721205 
0.9985003660328767 3.4070151218830745E-4 3.4070151218830745E-4 6.143573489314699E-4 2.0387359381672594E-4 
0.7813645290673551 0.0017552916846636229 0.02378957788594953 0.0015424000305449173 0.1915482013314875 
0.8317615239200444 1.5721727759077428E-4 3.609456696092016E-5 0.16796062058419098 8.454365121286172E-5 
0.9904772446080061 9.995002275456538E-5 9.995002275456538E-5 0.009222905323729512 9.995002275456538E-5 
0.9900905164641244 7.81817705065126E-4 7.818177050651258E-4 0.0036139504874098797 0.00473189763833544 
0.933311548504322 0.04767362943545986 4.172636497608511E-4 0.015666658282734596 0.002930900127723543 
0.9994107376061263 9.799117860452785E-5 9.799117860452785E-5 2.295229649062752E-4 1.6375707175540207E-4 
0.9227396500874445 4.909478662348311E-4 1.3324450068796104E-4 0.06800745811320605 0.008628699432426038 
0.6192908805015074 8.359009144337412E-4 0.006420985016665006 0.0013944093246568562 0.37205782424273764 
0.751802163586852 2.0811654061842212E-4 0.0010461697430487115 0.12298291069665611 0.12396063943282491 
0.9937595283797643 1.089180124089777E-4 9.203416082992796E-4 0.0015445136051379735 0.0036666983943895192 
0.9581488264755595 6.22757048570873E-4 8.845643322938014E-5 0.00335362686031626 0.037786333182323405 
0.9984600710039546 2.560819405062428E-4 2.560819405062428E-4 5.998160965198277E-4 4.2794901851303356E-4 
0.9845417171197255 0.011978316491583773 1.590805252035557E-4 0.0032256931002643693 9.519276322312228E-5 
0.6523957843033256 3.658718753192531E-4 9.859937010764834E-4 0.2690477465624954 0.0772046035577828 
0.8337980939894291 0.15585340843301448 0.0034494991925188264 0.0029635173390733685 0.003935481045964281 
0.999087663028891 9.086778533924684E-5 9.086778533924684E-5 3.9579324631340877E-4 3.348081541185762E-4 
0.9996722654722979 8.193363192604779E-5 8.193363192604779E-5 8.193363192604779E-5 8.193363192604779E-5 
0.9818518913448674 0.009802662199414282 1.81501887397379E-4 0.008034448952881452 1.2949561544053068E-4 
0.9352101508658418 0.026812326847334114 1.637386827585596E-4 7.267370242636775E-4 0.03708704657980248 
0.8301098882256447 0.010291592244948349 3.721234238083245E-4 0.15828089298114745 9.455031244522565E-4 
0.9413842496185671 1.2193658644722376E-4 3.6678917294951833E-4 0.05168789130383035 0.006439133318206402 
0.8047685700512518 3.565062309048498E-4 0.0013135699594240024 0.0010743040272942145 0.1924870497311249 
0.9993925884898651 9.086778533924684E-5 1.518528775340792E-4 1.518528775340793E-4 2.128379697289117E-4 
0.9540873676756227 0.006420449052704187 1.6934800637886252E-4 0.03517551386580063 0.004147321399494973 
0.699054952508874 3.836089261926489E-4 0.07815350645669783 0.013589817940806744 0.20881811416742985 
0.9810468075496455 9.533216994146879E-4 0.0010148660313362102 0.012646744764503823 0.004338259955098413 
0.9433923070432301 8.768083977712042E-5 1.465270422851332E-4 6.172966623492407E-4 0.05575618841235775 
0.9841251827471547 1.9510885938064945E-4 0.0031021749867763456 0.012494234782977825 8.329862371158435E-5 
0.9931044302979835 9.429514169342729E-5 0.004081271020531365 6.638631243845638E-4 0.0020561404154073354 
0.9980945874919068 0.0010764103632577306 9.170105251338905E-5 3.994227121209973E-4 3.3787838019947564E-4 
0.8462081361528513 2.737331559829907E-4 1.6380016014194349E-4 1.6380016014194349E-4 0.15319053037088157 
0.9561411319939 0.0035717230312144487 0.0012631301185524297 0.038310549716985796 7.134651393471876E-4 
0.7694429324295432 6.172966623492407E-4 0.02286116121037831 0.10189161117864015 0.10518699851908901 
0.9140972526695972 4.729475236844092E-4 6.133087872769774E-5 0.07682783516315403 0.008540633764835886 
0.9966935094123198 7.395180473604324E-4 2.1689045000257152E-4 8.266226469200758E-4 0.00152345944339722 
0.9692725420064024 0.029675226560163963 2.8685604916442345E-4 3.507438111448574E-4 4.1463157312529207E-4 
0.7640458499929268 9.97329008129708E-4 0.0013965800132494251 0.11254805983857787 0.12101218114711576 
0.8597969640990986 2.3179434506371025E-4 0.049380165973713516 1.6537762664661592E-4 0.09042569795547775 
0.998886833693736 2.782915765656416E-4 1.665278897030585E-4 3.9005526342822383E-4 2.7829157656564127E-4 
0.9804091354885812 3.696857588501182E-4 6.177970119462524E-4 0.01748936222248343 0.0011140195181385305 
0.9817319700941585 0.0065976911061731746 0.010455990002627086 7.087085800066854E-4 5.056402170354266E-4 
0.998339492394574 0.0011175170346454388 1.4277154355075077E-4 2.5744748367953724E-4 1.4277154355075077E-4 
0.8700016948924996 0.07854113774131719 8.701592904219234E-5 0.05124818935138984 1.2196208575144647E-4 
0.9486384031960626 0.0020792209473268746 5.510062840855671E-4 0.04860486736156201 1.2650221096298492E-4 
0.6100253516070654 0.3828609073673099 2.9292566472888747E-4 0.005586763049912193 0.0012340523109836995 
0.9611787775944454 1.9648923189506602E-4 2.754005710609843E-4 0.002169272711043022 0.036180059891553755 
0.6594564858700477 2.6091193087817766E-4 1.561280214934753E-4 0.1524071483574676 0.18771932582011291 
0.9141861695842612 0.0017278866622640245 5.752636590322903E-4 0.03965966185952669 0.043851018234914815 
0.9863553692475937 2.5056536797453405E-4 7.982492357221729E-4 0.011295523367551864 0.0013002927811575024 
0.9023381552512965 0.02057102192312932 2.854700617763319E-4 0.029159662832169947 0.04764568993162867 
0.7142152738420305 0.19139061185348177 0.0012573060982367691 8.329862371158435E-5 0.09305350958253915 
0.7456131276159399 2.809225846930815E-4 1.9435167987500303E-4 0.09044451995272176 0.16346707816677097 
0.9883036850450753 0.006902134287392773 8.261048968669905E-5 0.0031874343325447546 0.0015241358452993594 
0.9986457406012703 3.5852739993816476E-4 3.585273999381649E-4 2.7867719891422213E-4 3.585273999381648E-4 
0.9667715356815091 0.005310119287775679 2.167775897146805E-4 0.02680153669666723 9.000307443326163E-4 
0.9759230395133371 7.993977121523587E-5 0.007014474234443877 4.78354449965849E-5 0.016934711036007136 
0.8671244503831239 0.023796798064279954 8.325659812744489E-4 0.004074575216522285 0.10417161035479933 
0.7189606343170631 0.10590614343992819 4.6324716318093536E-4 2.5690098651411027E-4 0.17441307409331389 
0.9912650265690577 0.0059021918026507135 7.015646069658622E-4 0.0020017214058870667 1.2949561544053068E-4 
0.9975215590998642 4.333546451232784E-4 3.091842585162128E-4 0.0015508881245868693 1.850138719091466E-4 
0.9747290535340095 1.009591093043458E-4 1.68716902298276E-4 0.02469703796610133 3.0423248828613937E-4 
0.9925987104716026 1.614809966812092E-4 6.241772666587947E-4 1.6148099668120911E-4 0.006454150268376354 
0.5479879734630215 0.0010220703845081128 0.001580578794731237 0.003069934555326232 0.446339442802413 
0.6810195801144038 0.20943461570721864 2.5445756185457223E-4 0.059822317166163576 0.049469029450359574 
0.20612514547226418 0.0019536297301156586 0.20752517872306753 0.007728766889679298 0.5766672791848733 
0.9529519583932153 0.0013959284451914645 0.018160481474578796 0.02386042950457052 0.0036312021824431075 
0.9989983900272396 1.207050686347016E-4 1.5529104851623666E-4 1.2070506863470156E-4 6.049087869761855E-4 
0.9992459943617957 1.8850140955123986E-4 1.8850140955123986E-4 1.8850140955123986E-4 1.8850140955123986E-4 
0.6738879134157317 0.03395200014646329 0.0013497338227014789 0.13036155913244468 0.1604487934826593 
0.9589050903616932 8.399831815687926E-5 8.399831815687926E-5 0.04050466641524155 4.2224658675172905E-4 
0.7793342256385724 0.013319959493172885 9.519276322312228E-5 0.046924922294881 0.1603256998101507 
0.9978416167105417 1.8557922457149406E-4 1.1104941450979117E-4 1.8557922457149406E-4 0.0016761754258055746 
0.9857904298736139 1.491424276905187E-4 1.491424276905187E-4 0.006555260270336906 0.007356025000667703 
0.9984598304963586 7.036750059073189E-4 2.3411113012184443E-4 1.670305764382055E-4 4.3535279117276187E-4 
0.9833667059175413 1.6703057643820585E-4 3.6827223748912326E-4 3.68272237489123E-4 0.01572971903104253 
0.9983554023968622 1.6380016014194349E-4 3.836661518240393E-4 1.6380016014194349E-4 9.333311310292841E-4 
0.999009069638391 2.179570385129774E-4 2.1795703851297714E-4 2.1795703851297746E-4 3.370592460731821E-4 
0.7553858874319319 2.219755777298702E-4 0.005287190216325817 0.23396673345882002 0.005138213315190646 
0.5173885790299677 3.585273999381649E-4 1.1897679686633631E-4 0.1199741285338045 0.36215978823942324 
0.905200908741878 0.007571579692114128 4.0349385992902214E-4 0.07936805230158134 0.007455965404498255 
0.9698949245888587 1.9035204037904564E-4 8.12677755105516E-5 0.029752187819740976 8.12677755105516E-5 
0.9758248872108224 1.1621150234296878E-4 0.01750894009410879 0.0063557553917656965 1.9420580096075272E-4 
0.9953752202232503 4.2412706495251206E-4 1.407459504101324E-4 0.0011798100370655309 0.002880096724319819 
0.9517266182817548 0.0012788861824099957 0.0012788861824099937 0.042851830852224784 0.0028637785012005823 
0.9649700902191456 0.005380384491830444 0.02811947704461043 6.974822631391225E-4 8.325659812744467E-4 
0.9699980886460146 2.517229292714689E-4 6.123575018697373E-4 0.027082935130582606 0.002054895792262813 
0.5622192421973182 2.643920616069471E-4 5.270906536039955E-5 0.2357617253858919 0.2017019312898223 
0.9007262161643418 0.004200544395030202 0.010767204824623464 0.083212297305943 0.0010937373100613277 
0.8499072222915808 6.117738495588887E-4 7.933359600611858E-5 2.3906567207194898E-4 0.14916260459078162 
0.9988145520372744 2.693216627358055E-4 1.6116035095346812E-4 5.938055980828176E-4 1.6116035095346812E-4 
0.994739404213956 3.9741757842805833E-4 2.3781212310935374E-4 5.570230337467648E-4 0.004068343050758268 
0.7923034413206005 6.70182621047022E-4 6.701826210470236E-4 0.17361435430208086 0.03274183913522473 
0.9961054020381842 3.5074381114485683E-4 2.229682871839898E-4 0.00150072352679266 0.001820162336694827 
0.897224465924562 1.3363781825353915E-4 0.08573698037461387 9.386849269340428E-4 0.015966230955636786 
0.9655753111345785 0.0038914150263009957 0.0020561404154073315 0.01851032658204015 0.009966806841673078 
0.9446508456077471 1.0990732767233515E-4 6.576783805692901E-5 8.602786511342349E-4 0.05431320057539098 
0.9535053451344714 0.0015319710010988663 8.616975249098547E-5 3.1749795226824643E-4 0.044559016159669375 
0.9184562765918349 1.3855556680617424E-4 5.9154095099371E-5 0.08128685965115885 5.9154095099371E-5 
0.8954417047958948 0.014210484457196167 1.0303966797112556E-4 2.413479502184309E-4 0.09000342312871894 
0.46950307560525256 0.00291085729628465 2.572522632478452E-4 0.25905745423525217 0.2682713605999632 
0.9991194833458463 1.8850140955123986E-4 1.8850140955123986E-4 1.8850140955123986E-4 3.1501242550061856E-4 
0.9161954177041843 1.0125058571686696E-4 2.2323924483868413E-4 0.04568434621090225 0.037795746254358144 
0.9226996977604565 3.001001738470753E-4 0.004169586693041394 0.003653655157148812 0.06917696021550589 
0.8351275365152476 6.241183238115171E-4 9.799117860452785E-5 0.15872532545851178 0.005425028523825297 
0.6270343837920913 0.02952006208124758 1.1621150234296878E-4 0.010801430412979388 0.3325279122113388 
0.9987399502979981 1.8850140955123986E-4 1.8850140955123986E-4 5.68034457399375E-4 3.150124255006194E-4 
0.7828574723116785 4.449813787488614E-4 7.809449259328287E-5 0.020676172529613727 0.1959432792873653 
0.620725034641254 5.680344573993754E-4 8.210564892981307E-4 0.01625540043512236 0.3616304739769265 
0.9169878422508252 0.06213413673564802 0.005130341562224077 0.004520675303684784 0.011227004147617004 
0.9289012279408045 7.664026219922708E-5 1.9975715091296388E-4 0.06535937050265794 0.005463004143425199 
0.9392419106794362 9.610763841028321E-5 2.251111827840505E-4 0.06034076286095954 9.610763841028321E-5 
0.920711831700507 0.003966066039295839 9.827350292599553E-5 0.07512555525434507 9.827350292599549E-5 
0.9992785574895553 2.2567736897647546E-4 1.350438862475833E-4 2.256773689764755E-4 1.350438862475833E-4 
0.7182118346051835 1.1897679686633631E-4 0.0010771792091536481 1.1897679686633631E-4 0.28047303259192974 
0.765039173187607 2.790279239733971E-4 2.790279239733978E-4 0.23082013372020138 0.003582637244245626 
0.9688882197796699 5.541336823365635E-4 1.3153411391265464E-4 0.029607854011480233 8.18258412601506E-4 
0.9213543294694093 0.013580801160313195 7.376299196811671E-4 0.057906790397892684 0.006420449052704196 
0.9916474817811207 1.5185287753407905E-4 9.086778533924684E-5 0.001676480182404896 0.006433317373601841 
0.9963662467286251 9.341429029973863E-5 9.341429029973863E-5 0.00128460325363296 0.00216232143714165 
0.9980015829706691 8.768083977712042E-5 2.642194473011597E-4 0.001499989699969437 1.4652704228513354E-4 
0.9940738448616442 0.0018683635336449887 1.921229544034064E-4 9.657724525149058E-4 0.0028998961977936546 
0.8173806017873814 3.201546986894979E-4 0.0592207266858837 0.012208796113190172 0.11086972071485554 
0.9860600364587861 0.0022494914567041755 6.609921913617385E-4 0.010809737497716198 2.1974239543328503E-4 
0.7858448751305089 2.4968788456333714E-4 7.524151801558791E-4 0.20452454566033282 0.008628476144439028 
0.9481311995938334 0.02002397643335781 6.967113739833755E-4 4.974612187320883E-4 0.030650651380092906 
0.9993449717129752 2.295229649062755E-4 9.799117860452785E-5 9.799117860452785E-5 2.2952296490627504E-4 
0.99493824034078 4.0709888362754277E-4 0.0017150471216116415 7.340859431235661E-4 0.0022055277108556726 
0.9993338884411861 1.665278897030585E-4 1.665278897030585E-4 1.665278897030585E-4 1.665278897030585E-4 
0.7364207456614835 2.0082791046068988E-4 1.1137227039373693E-4 0.07028932190291823 0.19297773225474424 
0.9954946290449915 1.3050690490122298E-4 7.809449259328287E-5 4.4498137874886344E-4 0.0038517881787649825 
0.9953721144453748 3.035678323850145E-4 1.8165303863189054E-4 0.003595267263719318 5.473974198912607E-4 
0.8763740945462306 1.1137227039373693E-4 7.375617508624072E-4 0.021446542426361976 0.1013304290061509 
0.9193031788649747 5.752636602618619E-4 3.042324882861388E-4 0.05349409998852208 0.026323224997955655 
0.911510559627636 1.8582164671667175E-4 1.8582164671667218E-4 0.08692033895046276 0.0011974581284669363 
0.33486233684667993 5.249343714996971E-4 0.6575736758005934 0.006161813654537502 8.772393266895599E-4 
0.9128389704683698 3.150124255006186E-4 1.8850140955123986E-4 0.0768541770748747 0.009803338621704032 
0.9944848430933012 0.001060411171832669 0.0019094193180778406 1.2650221096298492E-4 0.002418824205824938 
0.9976606423401692 2.4968788456333714E-4 5.848394149583651E-4 2.4968788456333714E-4 0.0012551424757484215 
0.8876108310312232 1.7768643458430973E-4 1.0632641974057816E-4 0.1119988296947109 1.0632641974057816E-4 
0.9117566410765238 0.009637847316130856 0.018498584074594978 0.04891246429959361 0.011194463233158338 
0.9988307612102929 1.8582164671667148E-4 7.933359600611858E-5 1.3257762136139491E-4 7.7150592562472E-4 
0.9316118959135996 1.4782316826732355E-4 8.845643322938014E-5 8.845643322938014E-5 0.06806336805167452 
0.9993011710947709 3.5019439819632185E-4 1.1621150234296878E-4 1.1621150234296878E-4 1.1621150234296878E-4 
0.9054535757239695 0.0020598895277801382 4.4365607899905026E-4 0.07891179001732089 0.013131088651930599 
0.7597188735633972 3.346388446949032E-4 1.8557922457149454E-4 0.20469537803388738 0.03506553033344901 
0.9972989665409219 1.752848339470376E-4 2.9292566472888877E-4 1.752848339470376E-4 0.0020575381264566566 
0.7866020583203277 4.8564428630048026E-4 5.938055980828175E-4 0.001026450845212164 0.21129204095007617 
0.9942788901566809 6.271431418335661E-4 3.477920743568028E-4 9.064942093103301E-4 0.00383968041781637 
0.9224713725632847 0.0010275029145551322 0.0014746321214887171 0.07489324789998328 1.3324450068796104E-4 
0.7317179315951442 0.06751488636921286 2.574474836795379E-4 0.005016498999024165 0.19549323555293874 
0.9262439047486817 0.0013516931417655593 0.0665247133949112 0.0018222564648929594 0.004057432249748127 
0.9817174202856224 8.845643322938014E-5 2.0718990330526691E-4 3.852901084190993E-4 0.017601643269422675 
0.9089826345236773 0.0018079044005272498 0.0427142899403706 0.041201674397900546 0.005293496737523548 
0.9966115107742559 3.3839672054778564E-4 1.1229646015281423E-4 0.0028254995848924647 1.1229646015281423E-4 
0.9921551503268321 2.2086580451368125E-4 8.537191186149424E-4 0.0052204069859136636 0.001549857764126331 
0.9808172814765995 1.0316149997156646E-4 3.691940239268894E-4 0.018666319838187336 4.404316131482839E-5 
0.9023913644523655 0.00430418409177663 1.350438862475833E-4 0.004032283643589937 0.08913712392601938 
0.6824578866603763 8.12677755105516E-5 1.3580990794479874E-4 0.20701411823104401 0.11031091742512404 
0.9740935549146472 2.596659023239301E-4 1.4400180243530114E-4 0.025185279428323867 3.1749795226824643E-4 
0.9922677854739991 1.1601117093082539E-4 1.160111709308252E-4 6.751011587982513E-4 0.0068250910253399326 
0.7323872643972169 3.477920743568025E-4 4.874676080951844E-4 0.265591630643544 0.0011858452767870942 
0.8425837737669735 1.3153411391265474E-4 2.9000895207162045E-4 0.08634184607238991 0.07065283709465221 
0.9902181504075028 0.0015379819977156762 1.1757789272914781E-4 9.066912843883303E-4 0.007219598417661788 
0.9986102541306653 9.429514169342729E-5 2.2086580451368068E-4 9.429514169342729E-5 9.802897814351953E-4 
0.9156112779985912 0.015107102591457105 0.0014371142688415187 0.005674306221238964 0.062170198919871585 
0.91516524964378 1.315341139126543E-4 1.315341139126547E-4 7.870916785966567E-5 0.08449297296053523 
0.9995391545212663 1.1521136968345067E-4 1.1521136968345067E-4 1.1521136968345067E-4 1.1521136968345051E-4 
0.9907213637031613 9.657724525149059E-4 3.2106453742198964E-4 5.789477034591561E-4 0.0074128516034440385 
0.9081366693535359 0.0018019625641115655 6.242092534578597E-4 0.023572554064074214 0.06586460476482103 
0.9766759816244812 5.41350898430187E-4 0.003276488906808765 5.41350898430187E-4 0.018964827671848154 
0.6679736047647451 4.4523785351111803E-4 0.09352763031569057 0.016115358358736905 0.22193816870731597 
0.9992056560565791 4.3104450031499386E-4 9.89609082295216E-5 1.6537762664661584E-4 9.89609082295216E-5 
0.9338267854885819 0.0027111924184396 3.4420012591937607E-4 0.05222078120365416 0.010897040763405311 
0.9639424329422155 0.0024922737253142866 0.0017426049851841509 0.004553862760672164 0.027268825586615315 
0.9744979345429632 7.952192214605265E-4 6.408202356010368E-5 6.231869396016036E-4 0.024019577272415087 
0.8923964270442457 0.0012375114132316476 8.787084516698589E-4 0.10518272937768179 3.046237131709974E-4 
0.9490436056683037 7.350238718533421E-5 1.2283284948616687E-4 0.050538565320937236 2.214937740878332E-4 
0.9907983792749514 0.0017605373636253023 0.006875074583346035 3.96660771699783E-4 1.6934800637886252E-4 
0.8720563737219227 3.7149593289205463E-4 0.00143595420348557 0.07073218761912349 0.055403988522576886 
0.9750467191239857 0.0020475696710151366 1.850138719091466E-4 0.021169809208503313 0.00155088812458687 
0.809751170979084 0.001638025981803251 5.709080766946E-4 0.0012569124442644475 0.18678298251815414 
0.9166208212408031 2.256773689764755E-4 7.694782653498229E-4 0.08098011048041903 0.001403912644452069 
0.798473004234738 0.04781397737356965 3.9303471116758327E-4 0.01650373051525002 0.13681625316527446 
0.943658753272439 1.3050690490122298E-4 1.3050690490122298E-4 0.0559497260128575 1.3050690490122298E-4 
0.9992063424457889 2.5526664942556013E-4 2.552666494255603E-4 1.415621276799153E-4 1.4156212767991528E-4 
0.8391068943308525 3.628970504421581E-4 0.004443667150155719 0.003569216414502803 0.15251732505404728 
0.9982410077029055 5.752636602618626E-4 7.785370392436548E-4 2.3647469529220798E-4 1.687169022982765E-4 
0.9994495330458715 1.0303966797112556E-4 1.0303966797112556E-4 2.413479502184309E-4 1.0303966797112556E-4 
0.9177123425588048 0.051970417991980156 1.6537762664661592E-4 3.646277818978989E-4 0.02978723404067068 
0.9994300112662837 1.2949561544053068E-4 1.81501887397379E-4 1.2949561544053068E-4 1.2949561544053074E-4 
0.9571232683101164 0.03613770062528323 2.952888580571492E-4 3.6105475120802274E-4 0.006082687455334032 
0.9270518611837285 8.42384433436408E-4 1.7458250348528886E-4 0.0709933871702058 9.377847091437067E-4 
0.6525574040582323 6.543806289931245E-4 2.171552611666721E-4 0.013188174506684764 0.3333828855449228 
0.993713003509462 0.0011148453059491984 9.117769429779407E-4 0.00152098203189172 0.0027393922097192764 
0.995813900596006 0.0019745074169185825 1.7841212804071285E-4 6.573708717414801E-4 0.0013758089872926216 
0.9983367983738961 4.15800406525875E-4 4.15800406525875E-4 4.15800406525875E-4 4.15800406525875E-4 
0.9981224523563951 1.752848339470376E-4 7.634889878562924E-4 4.1056649551073895E-4 5.282073262925887E-4 
0.5106633345437687 0.16644819221501797 0.006338378675190969 0.22104060900444847 0.09550948556157368 
0.9941589441218047 5.6163997621709517E-5 5.6163997621709517E-5 2.069398335333132E-4 0.005521788049417385 
0.887924209494354 0.0012334311070756995 7.904337872048167E-4 2.8415113592380705E-4 0.1097677744754421 
0.9444782335198696 0.003704509757402577 0.04158485726915879 0.005586763049912207 0.00464563640365739 
0.9982167831293884 8.061265438591426E-5 8.061265438591426E-5 1.8881756202047481E-4 0.0014331739998179216 
0.9553271309414418 0.0011143168683049765 5.7221055204655605E-5 0.04289258182953038 6.087493055178622E-4 
0.9322206257160314 6.022282310478711E-5 2.2189483505343676E-4 0.0016769429425912842 0.0658203136832181 
0.9360101346587771 0.029294533528783043 0.0020017791491767304 0.031343818840562344 0.0013497338227014782 
0.9843506601391488 0.0060636448927702605 1.687169022982761E-4 0.008638441026539682 7.785370392436573E-4 
0.9364495045238976 0.042042001761546086 3.600740748475213E-4 0.02089151865319656 2.5690098651410924E-4 
0.3876713518419159 8.659082650423871E-4 0.0011140195181385225 0.6094828121098611 8.659082650423878E-4 
0.9468815477440249 2.3267047513344784E-4 2.6373462415454435E-4 0.04928296177944465 0.003339085377243089 
0.8861669836299474 1.6703057643820585E-4 0.010430355290035024 3.011916838054838E-4 0.10293443881977372 
0.6747551876325348 3.992015879013471E-4 0.002542565866152072 0.30314940589081607 0.019153639022595145 
0.999137362111955 2.51722929271469E-4 2.51722929271469E-4 1.7959601475181543E-4 1.7959601475181543E-4 
0.8819478429157607 6.495583350090147E-4 2.8551443131107296E-4 0.11048680470787262 0.0066302796100465725 
0.9532409171364298 0.0010088280574598186 4.878064643655196E-4 2.2729566781836988E-4 0.045035152673928075 
0.998243215855671 6.155799886758704E-4 2.6281208348952195E-4 6.155799886758704E-4 2.6281208348952195E-4 
0.8497274816192356 0.004546621154679827 0.0016365249396041177 1.4105882907911222E-4 0.1439483134574031 
0.900932434449214 0.054099357105781246 0.0329638401051321 0.0016388853141937776 0.010365483025679 
0.8389960547122257 0.028968248182829767 0.005092518443286113 0.1093304604769036 0.01761271818475409 
0.9510230811100344 0.008151906917837157 0.017973481649005897 0.017973481649005904 0.004878048674114242 
0.7522705284708447 2.2701475089072202E-4 2.2701475089072202E-4 2.2701475089072202E-4 0.2470484272764834 
0.849163681890572 0.0025565130931649053 0.0038656572606297233 0.03974438960021255 0.10466975815542102 
0.7544559987278812 0.0011858452767870942 4.874676080951854E-4 0.23891360369951314 0.004957084687723459 
0.6632360018595437 0.016303970550849544 1.45253447828058E-4 0.07994714874361654 0.24036762539816164 
0.9207289664941474 0.04039217435211622 5.77867655391343E-5 0.03872450255767111 9.656983052622761E-5 
0.9905956434179863 7.908378285798566E-4 5.113898315190403E-4 0.007218141760978607 8.839871609334588E-4 
0.5701123983514167 0.0027393922097192856 5.056402170354266E-4 0.42613692900479383 5.056402170354266E-4 
0.9108790110414531 2.942049764044382E-4 6.754474688657947E-5 0.00845397323904736 0.08030526599620882 
0.996687855867198 1.1487650518794888E-4 2.690731598935047E-4 0.002350727998418501 5.77466469304616E-4 
0.4376428360935127 0.0013173626852785183 0.010566216761916523 0.0023237146832546687 0.5481498697760377 
0.9937655501111619 6.231869396016034E-4 7.522111509957959E-4 0.004794969774680484 6.408202356010368E-5 
