0.00495778851117312 0.0012573399391959188 2.05512785961672E-5 2.946767974004928E-5 0.03654380374245914 2.0877733544778932E-5 0.030956317196697072 0.005128098082267996 0.003263222911150653 9.682632543574161E-5 0.00544308440926856 2.0752279910725458E-5 2.0512239002500546E-5 0.016131794793101117 0.10798240430231308 0.030140430618544812 0.0654649652499292 0.001208090098280256 0.001553023464353168 2.082500395710337E-5 0.5799412526605805 3.642831204308161E-4 0.10920084921124285 1.045128648487565E-4 1.2892628397588205E-4 
0.005115855201919814 3.2808631435054697E-5 0.06530776159994607 3.912212060298918E-4 5.90794313425649E-5 1.7813091774881603E-5 3.3602813954557375E-5 9.493865454900627E-5 3.0899300952454714E-4 2.8002913549817937E-5 3.751783727496685E-5 0.07047252065344309 2.2966485226686996E-5 0.0032050984447451487 0.02665166087278667 3.8571605430168944E-5 7.551416449903659E-4 0.05535712412162 0.009938162038930946 0.6160492413687098 7.815624089790895E-5 0.14592394797658356 1.7943791954126783E-5 1.766368941596498E-5 4.4206673964376403E-5 
0.0011913509996004312 1.833705376997423E-4 2.463729052387169E-4 5.112152359182653E-4 0.497353912930984 2.1311572163182214E-4 0.029634539037139192 0.06729091878515024 9.661740268340729E-4 1.3306611486411452E-4 4.142771541157063E-4 4.018673397361793E-5 3.9455663796736396E-5 0.0027035803733189874 0.0015900929232153232 0.02986966893936016 0.16521675731841903 4.8797277748141614E-4 0.0045725788579714915 4.6127856468344684E-4 4.93653592855702E-4 4.2500980955741894E-4 2.3503245351552305E-4 1.9925143400516195E-4 0.19552716710866955 
7.499579668349018E-5 0.017987005672369594 2.0815699315673352E-5 0.031269606231394007 0.11184826285876591 3.8771899154587393E-5 9.423823189673836E-5 2.3438273720776052E-4 0.07217094151805949 6.97120164962611E-5 2.992650470749222E-4 9.000740975731671E-6 0.6254099873466027 3.242952298733921E-4 0.0013117628810244688 1.5062072559391215E-5 0.03296905651193627 0.041344189154226364 1.786200868899314E-4 7.596747097471668E-5 0.0419247905938766 3.272188808362578E-5 3.338835657915275E-5 1.8526128472883053E-4 0.022077898673250152 
0.0011342137322387811 0.10150787038017037 1.2271710495613035E-4 5.11649272640022E-4 0.0010161157403001777 2.6608978316682995E-4 3.599440868123267E-4 2.3147840054604386E-4 0.04931659064129601 0.17814176443624907 9.895700448757892E-5 3.7114849909381606E-5 8.373671367535414E-5 0.10146113054399818 3.0004348984977955E-4 5.195703691793566E-4 2.1772173100618694E-4 0.001082272087127401 0.5618533469434513 8.533703699888242E-5 1.6313381574816104E-4 2.0186522432495468E-4 5.420838053211588E-5 6.907756402756305E-4 5.423525910600464E-4 
0.015916668791818293 8.960448614877867E-5 0.008464502869318519 0.022641581135339008 2.640806439158519E-5 5.8744215459295796E-5 9.928373083785148E-5 2.1943679912933342E-4 0.8688482434264831 7.876572863577062E-5 3.6694478552352955E-5 6.780316459894953E-5 1.585968027208484E-5 1.5712503679784167E-4 2.3764640845631255E-4 0.005505766691846841 1.8773404827372343E-4 0.012771432936977549 2.923114212664444E-4 9.9584478443865E-5 1.1232890509338125E-4 0.06336535630413168 5.8573523258234617E-5 5.475045017950807E-4 1.0103917267486131E-4 
1.597901137151011E-5 4.762925166117019E-5 2.006848200315224E-4 1.597901137151011E-5 0.0019964681036660583 4.87099200053752E-5 3.700404363830413E-5 1.6159484682702328E-4 3.72951570034666E-5 2.6887437858359527E-5 0.00603028660489863 0.02898079715752226 3.674933058553312E-5 1.1399553804786885E-4 0.1986451547401169 3.8378375229785426E-5 2.6994865940299127E-5 1.7569655606472433E-4 4.854614575597162E-5 5.485964161498916E-4 0.007122163531301802 0.05076039936973807 0.7048309549742315 3.707577961051083E-5 1.597901137151011E-5 
0.002618710969550883 0.010317309071940648 5.174269541809945E-5 8.671670524300445E-5 0.004131669389394968 1.7780678514113488E-4 0.7731133938083505 2.9074356408848213E-4 1.0964207635776743E-4 2.2569564873502505E-4 4.852217856321957E-4 3.004048233452822E-5 1.073910724191029E-4 1.08479160447986E-4 7.278646714604332E-4 0.1041475078641359 6.526321903928839E-4 0.0025408451963196887 0.020477295772064117 2.796504349024389E-4 0.008162292251296487 1.786668495832916E-4 8.73621284220436E-5 0.0011582702308621207 0.06973304919550584 
7.096994307578873E-5 0.02209584052141139 1.4512240480409358E-5 8.12708732374771E-4 0.004269472174353722 1.1618781350942626E-4 0.016936670317114506 9.509777220299723E-4 1.9349977683834728E-4 7.331088297797767E-5 8.602590681273299E-4 5.581257629853586E-4 1.4512240480409358E-5 0.008638400159666966 2.442349653030848E-4 0.06537596552275063 0.26803257682786497 0.4944581668647622 0.012891242851675129 1.7787973898427724E-4 0.02838070787364131 6.214898253051425E-5 2.0330892824927676E-4 0.0015563752384952381 0.07301194485031695 
0.00876008142090703 1.152878026353499E-4 0.01359940735123774 4.7280275970113374E-4 3.7977121868904354E-4 3.691562075434089E-4 0.001248511249654434 0.0018380961009623646 0.0021336970877583114 5.194118034119962E-5 2.552448223604567E-4 0.03677060452651458 1.6469601954772177E-4 4.3604527145838374E-4 0.8074578825746246 5.130201497890411E-4 1.5271126520437044E-4 0.0030035998682132877 7.920433263394667E-4 0.005903541042719609 0.04261138706625456 0.07158046671477226 8.189097104703707E-4 2.3487731362178304E-4 3.3621794867921714E-4 
0.002283999705509207 2.419789425013985E-4 0.0012649114944314381 0.004917758808730584 0.02955549306804924 5.26364890139349E-5 0.005625077606521901 0.5788933062570277 4.4354851974244726E-4 7.436064823246043E-5 0.007542660751654919 8.639518549905296E-5 1.7526823731760027E-4 0.0016423003703789055 0.1209526545161447 0.004784847658761177 0.039452887156500735 0.08827418550608235 0.001151258133770358 5.1638159922507104E-5 0.04497767461469409 0.0018095396510281812 0.06551440157324244 2.138881777334653E-4 1.7328767509126875E-5 
5.469241824475328E-5 0.0016871397963219394 2.0732943619889438E-4 0.02453704910903358 0.009286367470909598 2.120405524754448E-5 0.0018811399759045 0.05252508648867978 0.021834105590379325 8.698127072530024E-5 0.004322311258586163 4.162638449797684E-5 6.199655473471047E-5 0.06835778686682852 4.521405249190971E-5 0.052093691382846294 0.32853965504056487 7.378760978078849E-5 0.0365042356649213 1.2439638646214598E-4 0.019770841358398347 1.1944372811439744E-4 2.2811686055877143E-5 0.3749802770846975 0.002820829329373916 
0.07148220475436828 9.571557530875288E-4 0.024515569722169984 7.592927766678892E-4 1.267682937673412E-4 2.0089200017927314E-4 4.8488336722292234E-5 7.270871241978635E-4 0.0036639115561791467 6.192136526476923E-5 4.9342351280213E-5 0.06508633244204343 7.813123876998713E-5 0.0021226141135265437 1.1636459001812608E-4 4.33188035295849E-4 0.006595960488456469 0.28203335287246506 0.014380283302770004 0.061348020080415344 1.1912932584658385E-4 0.46465484775496213 6.010970704357493E-5 1.1958024930715777E-4 2.5945176519526843E-4 
3.279858604811697E-4 0.002490922166939207 1.7625020062845328E-5 4.947973014163555E-4 7.267458130462475E-4 0.0021046381659914266 1.1185430846569402E-4 0.0019694054716936863 0.036675938321384334 0.7752275055950802 0.004052884955873583 5.2212330615168036E-5 0.042236843063490806 5.617159574681831E-4 3.00564753295543E-4 4.7024649091370103E-4 0.1053148011745831 2.515289517258414E-4 0.02619944449318238 1.7625020062845328E-5 1.9384916205129876E-4 6.640558043585677E-5 1.7625020062845328E-5 7.59166067481514E-5 4.091841492978932E-5 
0.10139451736661374 2.1638321289284732E-4 6.82114398143455E-4 0.008371600827184533 0.0012621031236528957 4.781932118585565E-4 0.006470654482787235 0.04076638031082285 0.030092720994947576 3.2172288929978646E-4 3.114021287191385E-5 3.1451952965168E-5 3.103644050118467E-5 7.940007881174832E-4 2.5614381223037193E-5 1.4403907428334005E-4 0.05754321061468478 0.020482744410780497 0.0036537020399822658 4.88332814226322E-5 9.46035559490704E-5 1.240788784784757E-4 1.4216159042815228E-5 0.0020017328331497384 0.7249232045583447 
2.1326101114226112E-4 1.1136378843488588E-4 1.2685946020113919E-4 1.6351213891790516E-4 0.009330516535342743 2.4726937657281904E-4 4.9251436171926505E-5 0.02278912236993161 1.772452777804548E-4 4.93667024145639E-5 0.029574525667127833 1.0854764389455493E-4 0.0013550519642520121 5.511103423842883E-4 3.4303055029105597E-4 0.7621087681328113 0.15095341657813596 1.5328006713283263E-4 3.3976196437976696E-4 9.19286287882412E-5 0.020428389252265915 2.9641766643562066E-5 8.697845536889947E-5 2.1039047960603647E-4 4.0741041000794364E-4 
9.660159727625153E-5 1.0199208792113716E-4 2.704564224511909E-5 0.003188424963519781 0.0018849580872560912 0.7978874779382097 4.9284599551291295E-5 0.0015332036029974227 0.046219443926086116 2.760246768351135E-5 1.1444818938408845E-4 1.651381110187547E-5 2.07336019857904E-4 1.6427106225614258E-4 0.0013152305533909478 0.011379442305717313 0.02096714405742032 0.0020249229745244826 0.08813262198617736 1.651381110187547E-5 3.029367174870423E-4 1.6955924089010914E-4 3.7913283070095285E-5 3.7922443655375305E-4 0.02375588663832027 
0.015048912875432018 0.00449859247634831 3.899796801238387E-5 0.8837528095338438 1.457777423483352E-4 7.20569293939464E-4 7.72848392793635E-4 1.6503017529987613E-4 2.454846110206574E-4 9.7009331514343E-5 0.0010038741352523036 7.075320568799752E-5 9.95838889343966E-5 0.005955508747232531 5.214566705225234E-4 0.062317663534055 0.0017837183345702564 0.002185866890080957 0.016585299416069517 6.879452500334695E-5 3.874592444368498E-5 2.3326258973129403E-5 1.158689966886498E-4 2.288207504772735E-4 0.003514686321455637 
8.571213429524369E-6 0.0020679829810805726 1.4248024083789435E-5 3.211840497603542E-5 0.0034759931140551136 1.4205135272970026E-5 1.6785665844948832E-4 8.236299928489364E-5 5.447305358837776E-5 5.499002142764656E-5 0.8118060875197911 1.42576437586961E-5 8.571213429524369E-6 6.890821199297159E-4 0.01802355860457931 1.980911601512947E-4 0.0024281528130770396 4.2884412495205925E-5 0.004287771113773999 8.571213429524369E-6 1.2282629048573164E-4 2.015064674470578E-5 0.15478667624041595 8.571213429524369E-6 0.0015819461888600765 
0.7206750150695658 8.073494575407567E-5 0.03149682325861945 0.01382800618591543 5.244289309979306E-4 2.1537903657318242E-5 8.108755877387007E-4 0.004061918224590812 1.3848168438519815E-4 6.285258124886123E-5 3.5901540674018985E-5 0.012077616491865166 1.5104778704012387E-4 7.470326654987294E-4 2.496133586569341E-4 0.01248846765040057 7.927644502388343E-5 0.044366252130549025 8.10735487132784E-5 0.02204160721453473 3.864267647223795E-4 0.1352698750996514 2.1537903657318242E-5 1.345899025395612E-4 1.6900712399904803E-4 
1.834848657614387E-4 3.1762928583446876E-5 2.306873504807304E-4 0.07645320741297261 0.0022389406448730977 1.344452121115316E-4 0.00286830507757352 0.04053923408016616 0.00989778741406858 0.025596276859401846 8.95185956248292E-4 3.0374315199696873E-5 5.596713001498579E-5 0.14113165707937356 0.001044670023858568 9.835428948932474E-4 7.801070219180524E-5 5.487598884761631E-4 0.13665849163396504 8.198193245339209E-5 0.07081860891011121 6.637651133402086E-5 4.259188459757614E-5 0.45957622788241304 0.02981342140887635 
0.0012606714513603398 0.9559551487480664 0.014012005721080422 0.004619286877192237 8.210516629677845E-5 1.8713551994488877E-5 6.894475822618484E-5 2.3301591571569857E-4 1.843760072431582E-4 1.8713551994488877E-5 7.271526797827879E-4 5.5884117965185474E-5 5.303442257877729E-4 4.109122672236455E-4 2.78716625794179E-4 4.3071015747540435E-4 2.026727515765711E-4 5.5572550965885534E-5 0.005631843246355545 1.6943045116854343E-4 0.007700288435255517 9.93842316821542E-4 3.13467932105712E-5 2.9363017541749587E-4 0.006034671456028944 
3.0324623492503245E-5 1.3572275546119572E-5 1.5501902177845865E-4 3.2830054689347095E-5 4.964434316066258E-5 4.127663888380197E-5 2.2184927963214577E-5 5.708222300817324E-5 1.3572275546119572E-5 1.3572275546119572E-5 1.3572275546119572E-5 0.9987472532930002 2.238857688736413E-5 5.776990080803956E-5 1.477565431179398E-4 4.113324273259807E-5 3.233625072202093E-5 4.741466916585492E-5 4.1343648533669645E-5 3.1288331047165036E-4 1.3572275546119572E-5 4.424455342084278E-5 1.3572275546119572E-5 2.2108249340740684E-5 1.3572275546119572E-5 
4.628909587701443E-4 1.3899139154905805E-4 0.9797871340135607 1.3778904346261682E-5 4.8674717699971714E-5 1.3778904346261682E-5 3.19362513764244E-5 7.899859373810464E-5 2.136268332219513E-4 1.3778904346261682E-5 1.3778904346261682E-5 0.015880264689486463 1.3778904346261682E-5 1.3778904346261682E-5 1.0625350136367349E-4 1.0647715587210696E-4 0.0014115824942212219 5.935609274040532E-4 1.744783243893945E-4 7.198044394850623E-4 4.0723223157652625E-5 5.186645520635712E-5 2.337691563839867E-5 3.2906783435383265E-5 1.3778904346261682E-5 
9.859163467244836E-5 6.153863589308022E-4 3.371114020906103E-5 0.0026350865683187957 7.017048750116916E-4 5.516107348684226E-4 1.3272759849170473E-4 3.3658766256636926E-5 0.0038181560724471317 0.4118184456731507 2.8476127519053265E-4 4.744060554445565E-5 4.89123860107891E-5 0.5292163113885765 2.0269674873573995E-4 0.0011332039665074723 0.002840026823262601 0.005966236397710905 0.023984260513637917 0.0012037337104925713 0.008755819151222352 7.516126836972387E-4 4.81465756523354E-5 4.875427060038922E-4 0.004590215645397419 
