4.301075173714416E-4 0.009378653380819677 7.187702871600915E-4 4.301075173714416E-4 4.301075173714416E-4 4.301075173714416E-4 4.301075173714416E-4 0.0033167352152579663 4.301075173714416E-4 4.301075173714416E-4 4.301075173714416E-4 0.0024507469058920087 0.10636934402980712 0.002450746905892009 7.187702871600919E-4 4.301075173714416E-4 4.301075173714416E-4 4.301075173714416E-4 4.301075173714416E-4 4.301075173714416E-4 7.187702871600917E-4 4.301075173714416E-4 0.04228620913672623 0.825139640803553 4.301075173714416E-4 
1.328903624880421E-4 4.0045485669953234E-4 0.0011139601745968361 3.112666919623693E-4 1.328903624880421E-4 1.328903624880421E-4 3.112666919623693E-4 1.328903624880421E-4 1.328903624880421E-4 1.328903624880421E-4 1.328903624880421E-4 0.0010247720098596684 8.463956803853439E-4 4.0045485669953186E-4 1.328903624880421E-4 1.328903624880421E-4 1.328903624880421E-4 0.2855350175214104 2.220785272252055E-4 1.328903624880421E-4 1.328903624880421E-4 1.328903624880421E-4 0.0013815246688083246 0.7050761444450264 0.001649089163019813 
0.0024599369778080015 0.7366059447089423 0.008486508683063578 0.0013641966677615355 8.163265127383014E-4 8.163265127383014E-4 8.163265127383014E-4 0.0019120668227847622 0.003555677287854467 0.006842898217993874 0.0013641966677615362 8.163265127383014E-4 8.163265127383014E-4 0.0013641966677615355 0.002459936977808001 8.163265127383014E-4 8.163265127383014E-4 0.0019120668227847618 0.002459936977807978 0.004103547442877701 8.163265127383014E-4 0.015060950543342342 0.0013641966677615355 0.1876400493756611 0.014513080388319168 
1.60642566704904E-4 0.5985272634662175 0.006198215678483763 0.03746421929305287 0.009971698873345548 1.60642566704904E-4 1.60642566704904E-4 1.60642566704904E-4 5.918977889748231E-4 2.6845637227238255E-4 1.60642566704904E-4 0.17212366244683508 8.075254001097852E-4 8.075254001097848E-4 1.60642566704904E-4 2.684563722723834E-4 1.60642566704904E-4 0.0011309668168122153 8.075254001097836E-4 1.60642566704904E-4 1.60642566704904E-4 1.60642566704904E-4 2.684563722723833E-4 0.1490515080553943 0.02010619659668864 
6.153846018413105E-4 0.0010283944109663 0.0014414042200912918 6.153846018413105E-4 6.153846018413105E-4 0.0010283944109662983 6.153846018413105E-4 0.0014414042200912936 0.0010283944109663002 0.0010283944109663009 6.153846018413105E-4 0.1377346412313369 0.0010283944109663009 6.153846018413105E-4 6.153846018413105E-4 6.153846018413105E-4 0.0068105317387160925 0.42023335067282724 0.0010283944109663002 0.001441404220091287 0.013418688684715872 6.153846018413105E-4 6.153846018413105E-4 0.40412596811695295 0.0010283944109663009 
5.915543071065961E-4 0.5781291204960615 0.0013042703492978124 5.915543071065979E-4 3.5398229304285455E-4 5.915543071065976E-4 0.005105422574317673 0.0010666983352340769 0.003917562503998963 0.08279147117316109 5.915543071065959E-4 3.5398229304285455E-4 0.004630278546190191 0.0013042703492978209 5.915543071065959E-4 3.5398229304285455E-4 3.5398229304285455E-4 3.5398229304285455E-4 3.5398229304285455E-4 0.007005998686827614 8.291263211703375E-4 0.001066698335234076 0.05855912573865949 0.24481558476463275 0.004392706532126447 
0.0036585501069925238 0.6892207001032881 7.743080519919211E-4 3.3057850506875553E-4 9.961728254535092E-4 0.0014399023723766784 0.006320927388531542 3.3057850506875553E-4 0.014086194459686924 0.0032148205600693426 0.011423817178147961 5.524432785303369E-4 0.001218037598915092 3.3057850506875553E-4 3.3057850506875553E-4 3.3057850506875553E-4 3.3057850506875553E-4 3.3057850506875553E-4 7.743080519919218E-4 3.3057850506875553E-4 3.3057850506875553E-4 3.3057850506875553E-4 0.15208608355279238 0.11059737091547611 3.3057850506875553E-4 
0.0021770292484243154 0.007140939594543876 3.5355197842119987E-4 0.0028861592978699753 8.600734423109544E-4 3.535519784211998E-4 0.024767886537907315 9.613777350889051E-4 0.017777890336228716 0.14126782323255074 0.008660503986213151 0.028718753956247435 0.0012652906134227632 5.561605639771014E-4 0.003392680761759721 4.5485627119914995E-4 2.522476856432491E-4 0.001366594906200711 0.0023796378339802256 0.002075724955646371 3.535519784212001E-4 4.54856271199151E-4 0.031859187032363866 0.7190062049452028 6.574648567550507E-4 
1.7845957005277076E-4 0.11369715564391751 7.619047449073002E-5 8.943432389870504E-4 1.7845957005277143E-4 1.7845957005277073E-4 7.619047449073002E-5 2.807286656148107E-4 7.409395956439901E-4 5.8753595230093E-4 0.15823534676118595 0.0026840524113227716 0.6159918184968778 2.8072866561481104E-4 7.619047449073002E-5 3.318632133958299E-4 8.432086912060326E-4 7.619047449073002E-5 1.2732502227175035E-4 0.09718069671064794 0.0035022051758190854 7.619047449073002E-5 0.002172706933512556 0.0013545541690162314 1.7845957005277176E-4 
6.540710238902187E-4 0.003120560975606459 8.256725459011017E-5 3.7448535961154104E-5 3.744853596115412E-5 5.24881088374728E-5 1.8784426472434062E-4 2.2408963084835334E-5 9.097437627876358E-4 0.0018572368539957064 8.256725459011011E-5 1.7280469184802197E-4 0.023544300941647188 6.752768171379148E-5 2.7808170198225256E-4 2.2408963084835334E-5 3.744853596115416E-5 6.752768171379152E-5 2.2408963084835334E-5 6.691105967665373E-4 5.24881088374728E-5 3.744853596115415E-5 0.038463557234955294 0.9220986220101799 0.007421878818233609 
1.5437791384127886E-4 0.4164787575562074 0.0012083636850877724 1.5437791384127888E-4 9.237875082677848E-5 2.1637707685577851E-4 1.5437791384127894E-4 2.16377076855779E-4 1.5437791384127886E-4 0.011562223908509216 5.883720549427774E-4 9.237875082677848E-5 0.29155044408199043 0.0014563603371457706 1.5437791384127888E-4 0.03691988158143967 1.5437791384127894E-4 9.237875082677848E-5 9.237875082677848E-5 2.1637707685577884E-4 1.5437791384127905E-4 1.5437791384127907E-4 0.23314723252233144 0.004742315976914273 9.237875082677848E-5 
1.3114753806184182E-4 0.21419210035383715 6.592584413902355E-4 2.1916602194990735E-4 1.3114753806184182E-4 1.3114753806184182E-4 1.3114753806184182E-4 1.3114753806184182E-4 4.83221473614105E-4 1.3114753806184182E-4 4.832214736141045E-4 7.472769252783005E-4 3.071845058379729E-4 1.3114753806184182E-4 1.3114753806184182E-4 2.1916602194990828E-4 1.3114753806184182E-4 1.3114753806184182E-4 2.1916602194990852E-4 0.01518230828292107 2.1916602194990776E-4 1.3114753806184182E-4 0.04704499945040077 0.7182739575807886 3.071845058379729E-4 
2.1164020693471413E-4 0.22023223609247722 3.536806174482968E-4 3.5368061744829794E-4 2.1164020693471413E-4 2.1164020693471413E-4 2.1164020693471413E-4 2.1164020693471413E-4 0.0020581655436113103 2.1164020693471413E-4 2.1164020693471413E-4 2.1164020693471413E-4 3.5368061744829756E-4 2.1164020693471413E-4 2.1164020693471413E-4 2.1164020693471413E-4 4.957210279618829E-4 2.1164020693471413E-4 2.1164020693471413E-4 3.5368061744829674E-4 2.1164020693471413E-4 2.1164020693471413E-4 3.5368061744829674E-4 0.7720592309377521 2.1164020693471413E-4 
4.301075173714416E-4 0.18430829187274353 0.0015847585965260485 7.187702871600939E-4 4.301075173714416E-4 4.301075173714416E-4 0.0018734213663147035 4.301075173714416E-4 4.301075173714416E-4 7.187702871600936E-4 4.301075173714416E-4 4.301075173714416E-4 4.301075173714416E-4 7.187702871600911E-4 0.0010074330569487442 4.301075173714416E-4 4.301075173714416E-4 4.301075173714416E-4 0.0027394096756806602 4.301075173714416E-4 7.187702871600916E-4 0.0010074330569487446 0.002450746905892009 0.7965620265944763 4.301075173714416E-4 
3.9507525404585954E-4 0.22648282580196144 0.35084935094180714 9.070294582303303E-5 2.124518691121636E-4 3.3420079240129453E-4 4.559497156904257E-4 2.733263307567291E-4 0.0071521404965926 1.5157740746759782E-4 0.010074114655531732 1.51577407467598E-4 0.3299694105977212 9.070294582303303E-5 3.950752540458607E-4 0.001064694332136075 9.070294582303303E-5 0.016526807589855644 9.070294582303303E-5 0.008674002037706728 2.1245186911216334E-4 9.070294582303303E-5 0.0458682981025361 1.5157740746759785E-4 1.5157740746759785E-4 
2.366863852734943E-4 0.18211985228836497 0.0010309360180380857 0.012944680509506937 2.366863852734943E-4 3.955363118264126E-4 0.001189785944591004 0.0011897859445910036 0.004525634402202295 0.0013486358711439215 0.0013486358711439223 5.543862383793304E-4 0.02962392279756312 3.9553631182641244E-4 2.366863852734943E-4 3.955363118264125E-4 0.0010309360180380854 2.366863852734943E-4 2.366863852734943E-4 0.0035725348428847976 2.366863852734943E-4 5.543862383793305E-4 0.500772804953519 0.25534966842926027 2.366863852734943E-4 
0.009330254039987235 0.7151907249600674 9.237875082677848E-5 0.0014563603371457704 9.237875082677848E-5 9.237875082677848E-5 0.1473403909102638 4.023745658992781E-4 4.0237456589927833E-4 0.001518359500160274 5.263728919282781E-4 0.009764248181088743 9.237875082677848E-5 9.237875082677848E-5 2.783762398702787E-4 1.5437791384127853E-4 9.237875082677848E-5 0.06023156687489149 1.54377913841279E-4 2.7837623987027907E-4 0.0025723452714067735 9.237875082677848E-5 0.04950571167338313 9.237875082677848E-5 1.5437791384127886E-4 
1.0840108159445309E-4 6.176679192601194E-4 1.811534869752637E-4 1.0840108159445309E-4 6.904203246409272E-4 2.5390589235607306E-4 1.0840108159445309E-4 0.0011996871623066022 0.015313653806183733 0.0030184972968268337 0.0017817064053530758 0.049507284335164214 0.007165384403532956 2.5390589235607306E-4 2.5390589235607284E-4 0.0017817064053530795 1.8115348697526364E-4 0.001345191973068222 1.0840108159445309E-4 2.5390589235607333E-4 1.8115348697526375E-4 1.0840108159445309E-4 0.25474181991442835 0.6606274895339653 1.0840108159445309E-4 
0.08337387811290554 0.1703511932349332 3.500773146064749E-4 6.051427548470197E-4 9.239745551477079E-4 7.964418350274343E-4 1.587782344260607E-4 0.0014978717956889457 6.051427548470229E-4 0.2575198074371411 0.09644598192523374 7.96441835027436E-4 0.2554155175551566 1.587782344260607E-4 9.501187436592414E-5 1.587782344260607E-4 2.863109545463379E-4 1.587782344260607E-4 9.501187436592414E-5 6.051427548470233E-4 1.587782344260607E-4 6.689091149071621E-4 0.12743643291446055 8.602081950875732E-4 4.776100347267475E-4 
0.05331899588580807 0.35188401501867683 0.012679743405725575 2.2099447022580105E-4 2.2099447022580105E-4 0.029736363972183544 2.2099447022580105E-4 2.2099447022580105E-4 2.2099447022580105E-4 3.6931290993412913E-4 0.02825317957510025 2.2099447022580105E-4 0.5002024547270074 2.2099447022580105E-4 8.142682290591241E-4 2.2099447022580105E-4 9.625866687674536E-4 2.2099447022580105E-4 0.004077273902642388 0.0011109051084757847 2.2099447022580105E-4 2.2099447022580105E-4 0.006747005817392354 0.0070436426968089995 3.69312909934131E-4 
1.0958903865309518E-4 0.4090458766429912 0.04225356256334479 1.8313873066826388E-4 3.30238114698601E-4 9.921853428351225E-4 1.8313873066826388E-4 0.0011392847268654597 2.566884226834326E-4 3.302381146986012E-4 7.715362667896158E-4 3.302381146986013E-4 0.38293573597760655 1.0958903865309518E-4 1.8313873066826388E-4 2.5668842268343234E-4 1.0958903865309518E-4 1.0958903865309518E-4 1.0958903865309518E-4 1.0958903865309518E-4 6.244368827592774E-4 1.0958903865309518E-4 0.06696625908044147 0.09219380344164425 2.5668842268343245E-4 
1.2265254439002652E-4 6.15233050536698E-4 0.0027333292269673868 7.339449377535946E-5 7.339449377535946E-5 4.674588986926961E-4 9.600394048393682E-4 7.630072023806998E-4 0.008496521148883485 0.07671892125019755 9.60039404839368E-4 5.659749999220304E-4 0.001058555506068703 1.2265254439002666E-4 0.0016989101640593758 7.339449377535946E-5 3.196847468486944E-4 7.339449377535946E-5 7.339449377535946E-5 1.226525443900265E-4 7.339449377535946E-5 1.226525443900268E-4 0.020367711347018265 0.8831717259135287 1.719105950046931E-4 
1.6326530248807983E-4 4.919873953820634E-4 0.0031217641385339065 9.302835192407053E-4 4.919873953820605E-4 0.0013685796430993463 0.0013685796430993476 8.207094882760452E-4 4.919873953820617E-4 0.0013685796430993478 1.6326530248807983E-4 0.0050940966958977945 0.0016973017359933275 0.023064237774102127 0.00728557731519102 0.0010398575502053645 1.6326530248807983E-4 4.919873953820613E-4 1.6326530248807983E-4 1.6326530248807983E-4 0.0033409122004632277 0.010244076151236844 4.91987395382061E-4 0.9266116971086915 0.009367483903519557 
0.0015375228764067243 0.3165758548669948 0.016286707162931496 0.0057818924552627375 2.6421200274991536E-4 1.5810276327851445E-4 7.947582001069189E-4 0.0010069766790497209 2.6421200274991564E-4 0.27975594877041904 7.947582001069193E-4 0.011087354428832767 3.703212422213159E-4 0.004720800060548731 4.764304816927172E-4 0.0022802875527065205 2.642120027499154E-4 4.764304816927174E-4 0.0013253043974639216 0.005039127778962952 4.7643048169271676E-4 4.7643048169271666E-4 0.0010069766790497215 0.3385404674375746 0.010238480513061535 
9.411764496007997E-5 0.19995199369179145 2.836162632092886E-4 2.204500571262188E-4 1.5728385104314902E-4 9.411764496007997E-5 4.0994867537542837E-4 4.099486753754297E-4 2.2045005712621895E-4 3.467824692923592E-4 0.055743545204144165 1.5728385104314918E-4 0.6905007501329083 1.5728385104314937E-4 2.2045005712621908E-4 0.001294275560538402 9.411764496007997E-5 1.5728385104314913E-4 9.411764496007997E-5 9.411764496007997E-5 9.411764496007997E-5 9.411764496007997E-5 0.00173643900311989 0.047216107382929876 1.5728385104314923E-4 
7.631727300217391E-4 0.4177799603728225 1.0840108159445309E-4 1.8115348697526272E-4 1.8115348697526337E-4 1.0840108159445309E-4 4.721631084985003E-4 2.5390589235607333E-4 2.5390589235607333E-4 5.449155138793116E-4 4.7216310849850055E-4 6.904203246409301E-4 1.0840108159445309E-4 1.8115348697526302E-4 0.03990396682489733 1.0840108159445309E-4 0.0012724395676874081 3.266582977368833E-4 3.2665829773688307E-4 3.266582977368829E-4 1.0840108159445309E-4 1.0840108159445309E-4 0.42229060950643305 0.11200160055727962 0.0011269347569257872 
1.9138755555123487E-4 0.2487383192798943 0.11309720305203548 8.336276892058681E-4 9.620757159367942E-4 5.767316357440158E-4 0.00828361323959962 0.004430172437671819 3.198355822821616E-4 0.4101974888806677 0.04977232587368892 0.0019896599297842084 0.14456696960111196 5.767316357440153E-4 0.0014758678228604977 3.198355822821619E-4 3.19835582282162E-4 0.0019896599297842066 4.4828360901308877E-4 1.9138755555123487E-4 3.1983558228216224E-4 4.482836090130893E-4 7.051796624749425E-4 0.00879740534652333 4.4828360901308877E-4 
1.1730205017170712E-4 0.4108319392476731 3.5348067995750435E-4 0.0012194689891721006 1.1730205017170712E-4 0.032473774330825975 4.322068898861038E-4 1.1730205017170712E-4 0.0022429097182438836 0.1345816686082189 3.5348067995750413E-4 1.960282601003062E-4 0.03255250054075456 4.3220688988610407E-4 5.896593097433051E-4 0.001140742779243498 2.747544700289053E-4 0.0017705524586722912 1.1730205017170712E-4 1.1730205017170712E-4 5.896593097433017E-4 1.1730205017170712E-4 0.13804562184507727 0.24109823064161343 1.1730205017170712E-4 
9.169497488596999E-5 0.19114130785486563 1.653455581087848E-4 3.4947201616581747E-4 1.28520266497378E-4 5.4869683274563515E-5 5.4869683274563515E-5 5.4869683274563515E-5 0.0018593089722335075 5.4869683274563515E-5 3.1264672455441254E-4 9.169497488597004E-5 0.0018224836806220986 6.808996406684808E-4 7.54550223891296E-4 0.02148718940111347 9.169497488597053E-5 2.389961413315978E-4 0.0015647066393422507 5.4869683274563515E-5 1.2852026649737768E-4 9.169497488597024E-5 0.2672960109072553 0.5044140635931047 0.007014849797830495 
5.181832302434497E-4 0.0015587118189467166 3.100775125027983E-4 0.019872014980124194 0.0013506061012060625 5.181832302434506E-4 3.100775125027983E-4 3.100775125027983E-4 9.343946657247572E-4 3.100775125027983E-4 5.181832302434495E-4 7.262889479841017E-4 5.181832302434486E-4 0.27792310497853306 5.181832302434494E-4 3.100775125027983E-4 3.100775125027983E-4 9.343946657247572E-4 5.181832302434491E-4 3.100775125027983E-4 0.00946672909309157 5.181832302434486E-4 3.100775125027983E-4 0.6789428230647697 0.0021830289721686685 
0.0015118332679930737 0.5664813040194479 0.14320835647896882 0.0013099863688321382 0.009182015436108514 3.007518730274642E-4 0.0029247615621196157 0.003732149158763348 9.062925705102653E-4 0.0013099863688321358 0.0029247615621196153 0.04248675379766276 0.004135842957085222 5.025987721883965E-4 3.007518730274642E-4 3.007518730274642E-4 0.006961699545338283 0.005346924352050825 9.062925705102643E-4 0.001511833267993071 0.009585709234430393 0.00554877125121176 5.025987721883969E-4 0.1851925115044433 0.002924761562119611 
2.780156506822844E-4 0.0017119072724689798 1.1869435937265076E-4 5.169975876467337E-4 1.9835500502746848E-4 4.3733694199191733E-4 1.1869435937265076E-4 7.559795246111819E-4 0.0017915679181237968 3.576762963371014E-4 0.001074622107230445 1.1869435937265076E-4 4.3733694199191733E-4 0.0025085137290171526 3.5767629633710077E-4 5.966582333015493E-4 1.1869435937265076E-4 4.37336941991917E-4 3.5767629633710104E-4 1.9835500502746737E-4 0.009996614420569955 4.373369419919179E-4 0.23487861710411703 0.7419982873426795 1.9835500502746742E-4 
8.75273503454853E-5 0.598621884802556 7.337024344532787E-4 0.010485071885534512 0.021176332368045305 0.0015561070869541044 1.462705398098302E-4 0.002319768549990591 0.019825239010365283 4.399864871315535E-4 0.050782899858075145 0.07204793444416803 0.17473102962784298 2.0501372927417532E-4 0.004669496128564382 6.162160555245886E-4 0.035568413786809805 8.75273503454853E-5 4.3998648713155505E-4 2.0501372927417527E-4 0.0012036479501680362 3.812432976672102E-4 0.001849823034275831 1.4627053980983027E-4 0.0016735934658827943 
5.828226800646765E-4 0.9376901080243102 1.1594202640151248E-4 1.1594202640151248E-4 2.7156891095590096E-4 0.001127516776005029 1.937554686787073E-4 1.1594202640151248E-4 6.606361223418705E-4 0.002061278083331357 0.0033841066020436636 1.1594202640151248E-4 0.008831047561447205 1.937554686787073E-4 1.937554686787073E-4 1.9375546867870733E-4 1.9375546867870684E-4 0.0026059721792717266 1.9375546867870722E-4 1.9375546867870722E-4 3.49382353233095E-4 3.493823532330946E-4 1.9375546867870724E-4 0.039178290049552866 8.940764491734514E-4 
4.415271496977185E-4 0.004866632246306053 0.09356540551609997 0.0010315411625788323 2.448558120706808E-4 2.448558120706814E-4 1.4652014325716256E-4 5.398628185112406E-4 0.001523219506646423 0.4647825552871327 0.0562961870357763 0.03603903926019153 0.0028999188700356885 0.0025065761947816122 0.0010315411625788343 0.013716842439522746 1.4652014325716256E-4 0.001326548169019388 0.001621555175459947 4.4152714969771954E-4 0.0012282125002058704 0.004866632246306053 0.003784939889357352 0.30636379282855414 3.431914808841992E-4 
0.0014642009282160565 0.002402039795867157 1.746724851957838E-4 5.263620605649514E-4 1.746724851957838E-4 1.746724851957838E-4 1.746724851957838E-4 7.608217774777272E-4 1.746724851957838E-4 0.0016986606451288302 0.004277717531169366 9.952814943905036E-4 0.177074528895885 2.919023436521724E-4 1.746724851957838E-4 1.746724851957838E-4 2.919023436521723E-4 0.001346971069759667 2.9190234365217244E-4 1.746724851957838E-4 0.06371325576855827 1.746724851957838E-4 0.016235163093720997 0.7265308754809775 5.26362060564951E-4 
0.0012799019708442472 0.0011685092837638237 6.115458483617024E-4 8.343312225225513E-4 1.6597510004000038E-4 0.0025052215287289245 2.773677871204261E-4 1.6597510004000038E-4 0.002728006902889788 0.03024200061175461 0.27396919994372476 0.0036191483995331878 0.6230738812537769 0.011193851121002097 9.457239096029743E-4 7.229385354421279E-4 1.6597510004000038E-4 2.773677871204262E-4 1.6597510004000038E-4 0.002282436154568079 0.04071291319731471 1.6597510004000038E-4 0.0012799019708442465 2.7736778712042574E-4 0.0011685092837638183 
0.0014781536740640063 0.02909080947715842 6.015614263467235E-4 1.6326530248807983E-4 2.7283933345274023E-4 1.6326530248807983E-4 0.009148335841590235 0.3899180934437851 0.08475441720720593 0.03358334474670948 2.728393334527396E-4 0.13647335982252556 6.015614263467236E-4 1.6326530248807983E-4 1.6326530248807983E-4 1.6326530248807983E-4 0.002354745921781282 3.824133644174006E-4 2.7283933345274023E-4 0.04114395288327107 2.7283933345274023E-4 1.6326530248807983E-4 0.0012590056121346874 0.2668664566704712 2.728393334527397E-4 
4.442874506883236E-4 0.8949848895541098 0.013893271581996294 1.8263406291968356E-4 7.797270781222817E-5 7.797270781222817E-5 3.396260955808665E-4 2.3496474047341113E-4 0.004997056397862613 0.039221319518000536 2.872954180271388E-4 2.872954180271389E-4 7.797270781222817E-5 7.797270781222817E-5 1.8263406291968358E-4 1.3030338536595588E-4 3.919567731345942E-4 0.001543231679316609 0.0021188691324076124 7.797270781222817E-5 2.872954180271389E-4 1.3030338536595588E-4 0.039168988840446804 7.059408384569636E-4 7.797270781222817E-5 
7.059408384569646E-4 0.4739845886343701 7.797270781222817E-5 7.797270781222817E-5 1.3030338536595585E-4 7.797270781222817E-5 7.797270781222817E-5 7.797270781222817E-5 7.797270781222817E-5 6.012794833495071E-4 3.396260955808666E-4 3.9195677313459416E-4 0.07962060258947834 7.797270781222817E-5 3.3962609558086645E-4 7.797270781222817E-5 1.8263406291968347E-4 7.797270781222817E-5 1.8263406291968345E-4 7.797270781222817E-5 7.797270781222817E-5 7.797270781222817E-5 0.34655938879104325 0.09594777398624135 7.797270781222817E-5 
0.002873227053173175 0.3541656382777933 0.023835815595932026 1.007556652599054E-4 1.007556652599054E-4 2.3599817198738097E-4 2.3599817198738122E-4 5.064831854423358E-4 0.00868865484245466 9.122107056247687E-4 7.093469455335536E-4 1.007556652599054E-4 0.5756252430440366 1.007556652599054E-4 7.093469455335522E-4 1.007556652599054E-4 4.388619320785962E-4 1.007556652599054E-4 1.6837691862364252E-4 3.7124067871485716E-4 1.007556652599054E-4 1.6837691862364284E-4 0.02748736327757388 1.6837691862364252E-4 0.0019941507594445785 
4.4387157752584256E-4 0.4050840778288794 3.846096844017429E-4 1.475621119053452E-4 2.068240050294451E-4 1.475621119053454E-4 3.846096844017422E-4 3.25347791277643E-4 0.012651821561090423 0.0010957524018909432 0.0713210957539492 2.6608589815354497E-4 0.15446553180706118 0.0012142761881391438 0.0035847519131031406 8.830021878124482E-5 8.830021878124482E-5 0.1515024371508563 8.830021878124482E-5 3.253477912776432E-4 1.475621119053454E-4 2.068240050294456E-4 0.1912671674371272 3.253477912776441E-4 0.00423663273746824 
2.4335395916663587E-4 0.2557301490581098 5.222696743401545E-4 3.828118167533949E-4 1.03896101579877E-4 1.7362503037325573E-4 3.1308288796001526E-4 1.7362503037325643E-4 0.0014287457486540903 2.4335395916663517E-4 0.01579290508009023 0.0022654928941746528 3.828118167533949E-4 1.03896101579877E-4 1.7362503037325576E-4 1.7362503037325578E-4 0.0019168482502077509 3.130828879600148E-4 6.617275319269137E-4 1.03896101579877E-4 1.7362503037325573E-4 1.03896101579877E-4 0.30816630351073154 0.4101797263354459 1.7362503037325576E-4 
7.54716964581125E-4 7.54716964581125E-4 0.0012612384286417718 7.54716964581125E-4 7.54716964581125E-4 7.54716964581125E-4 7.54716964581125E-4 7.54716964581125E-4 0.0012612384286417714 7.54716964581125E-4 7.54716964581125E-4 7.54716964581125E-4 0.02152209699106763 7.54716964581125E-4 7.54716964581125E-4 7.54716964581125E-4 7.54716964581125E-4 7.54716964581125E-4 7.54716964581125E-4 7.54716964581125E-4 7.54716964581125E-4 7.54716964581125E-4 0.00885906038955149 0.9520020264704727 7.54716964581125E-4 
9.685229808255486E-5 0.82379641520728 0.0024369078745291317 0.0015918878052567657 1.6185384187273688E-4 2.2685538566291955E-4 2.2685538566291988E-4 1.6185384187273686E-4 9.685229808255486E-5 0.009457074603868914 9.685229808255486E-5 0.0011368769987254864 4.2186001703346814E-4 2.2685538566291998E-4 2.91856929453103E-4 0.11033947056623271 2.9185692945310303E-4 0.002371906330738947 1.618538418727367E-4 1.618538418727367E-4 2.2685538566292044E-4 9.685229808255486E-5 0.026032468270365556 0.016412239789418463 0.003476932575172054 
4.525407455467753E-4 0.6768231500413299 0.00442708968676943 1.736250303732558E-4 3.130828879600153E-4 2.433539591666355E-4 3.82811816753395E-4 1.03896101579877E-4 3.8281181675339445E-4 2.4335395916663547E-4 8.709143183070525E-4 1.7362503037325586E-4 0.059722130219919504 1.03896101579877E-4 1.03896101579877E-4 1.03896101579877E-4 1.7362503037325584E-4 6.617275319269136E-4 1.7362503037325586E-4 0.005054650045909851 1.03896101579877E-4 3.130828879600152E-4 0.11341340539082191 0.13530828903194309 1.736250303732558E-4 
1.0958903865309518E-4 0.01739376666221775 0.0017276822629868102 0.006508412243972777 1.8313873066826388E-4 0.00180123195500198 1.0958903865309518E-4 0.26959566058223117 1.8313873066826372E-4 1.0958903865309518E-4 3.302381146986013E-4 5.50887190744108E-4 0.0020218810310474876 5.508871907441112E-4 0.0026838282591840038 0.07454187735800386 4.773374987289399E-4 1.0958903865309518E-4 4.7733749872893894E-4 0.0018747816470171454 0.0020218810310474863 1.0958903865309518E-4 1.8313873066826367E-4 0.6145437161333729 0.0018012319550019791 
0.0025500779331857474 0.6443205503357328 6.435739204282799E-4 1.283025656289647E-4 8.496824623480048E-4 7.677543014903341E-5 7.677543014903341E-5 7.677543014903341E-5 5.920467849483453E-4 4.374653785085536E-4 0.0015195352235871143 7.677543014903341E-5 0.007599737210219046 1.2830256562896452E-4 0.0014164809526272517 7.677543014903341E-5 7.677543014903341E-5 0.0010557910042677322 0.2898653853692843 6.951010559082111E-4 7.677543014903341E-5 1.2830256562896481E-4 5.920467849483478E-4 0.046760360174967 1.7982970110889618E-4 
2.9197079644128804E-4 0.008130113157980703 0.006170577567595846 6.838779145182595E-4 6.838779145182603E-4 2.9197079644128804E-4 2.9197079644128804E-4 0.0014676921506721929 0.03850291480894595 0.0012717385916337146 6.838779145182605E-4 0.13158085535222652 0.7455033558198013 8.798314735567447E-4 2.9197079644128804E-4 0.0022515063868261344 0.0010757850325952263 6.838779145182613E-4 6.838779145182605E-4 0.0012717385916337159 4.8792435547977576E-4 2.9197079644128804E-4 0.016948023314712558 0.03830696124990749 0.0012717385916337102 
2.384001890052027E-4 0.7723407961889951 1.0178116821426274E-4 2.384001890052021E-4 2.384001890052023E-4 1.0178116821426274E-4 1.0178116821426274E-4 1.7009067860973288E-4 0.0014679713761236535 0.13139266014830642 1.0178116821426274E-4 1.7009067860973293E-4 9.898048033553633E-4 2.384001890052015E-4 3.0670969940067145E-4 2.3840018900520197E-4 1.0178116821426274E-4 1.0178116821426274E-4 0.002355995011264749 1.0178116821426274E-4 3.7501920979614073E-4 1.7009067860973285E-4 3.7501920979614154E-4 0.0878111925159969 1.700906786097328E-4 
7.13627730512667E-4 0.8464640084726534 2.6244054420050916E-4 0.0012400127812101825 1.120448154297887E-4 1.120448154297887E-4 4.880341373565869E-4 1.120448154297887E-4 0.00191679356067844 5.632320017419457E-4 1.120448154297887E-4 0.005375895322404982 0.0012400127812101812 1.8724267981514814E-4 1.120448154297887E-4 0.0022927828826052317 2.624405442005094E-4 7.136277305126643E-4 1.8724267981514844E-4 7.136277305126663E-4 3.3763840858586915E-4 1.120448154297887E-4 0.13110672457472639 0.0041727294922392225 0.0010896170524394653 
4.446162299947802E-4 0.3268088595401008 6.980802636560335E-5 6.980802636560335E-5 4.446162299947802E-4 6.980802636560335E-5 6.980802636560335E-5 6.980802636560335E-5 0.03979947761105838 1.1665905181925022E-4 1.166590518192502E-4 6.980802636560335E-5 8.194244336239597E-4 6.980802636560335E-5 1.1665905181925029E-4 6.980802636560335E-5 5.383182809020771E-4 5.383182809020759E-4 3.9776520454113214E-4 1.166590518192502E-4 1.1665905181925029E-4 1.6351007727289748E-4 0.5059203298493938 0.12291319676582838 6.980802636560335E-5 
2.89553142333935E-4 0.0012916496337216743 0.004508906790282306 7.114885071287716E-4 1.3132738053587078E-4 4.4777890413199775E-4 8.69714268926836E-4 0.04522566949298407 0.020964386017280835 6.587465865294151E-4 0.24485383896154125 0.014793581307156415 0.574438100786908 0.01906567687570418 0.0021355203633113425 0.001977294601513282 5.005208247313513E-4 0.001133423871923605 1.3132738053587065E-4 0.0011861657925229625 8.697142689268329E-4 0.0027156814899042384 0.003084874934099722 0.006143906328862302 0.05187115148850274 
8.908685770138426E-5 0.28534640739027944 8.908685770138426E-5 3.2824621258093015E-4 2.6845637386104366E-4 8.908685770138426E-5 8.908685770138426E-5 0.005769121536090599 8.908685770138426E-5 3.2824621258093015E-4 1.4887669642127074E-4 8.908685770138426E-5 0.046306632188173664 8.908685770138426E-5 1.4887669642127074E-4 1.4887669642127074E-4 8.908685770138426E-5 2.086665351411572E-4 2.086665351411572E-4 1.4887669642127074E-4 4.4782589002070303E-4 8.908685770138426E-5 0.3876468214400054 0.2716545343234258 8.908685770138426E-5 
9.975062121735625E-5 0.2521541783244331 1.6669734836296558E-4 3.675375297997913E-4 4.3448425694539856E-4 4.3448425694539856E-4 1.6669734836296493E-4 0.006593583154341383 1.6669734836296482E-4 3.0059080265418275E-4 9.975062121735625E-5 3.005908026541826E-4 3.0059080265418286E-4 2.3364407550857398E-4 2.3364407550857422E-4 1.6669734836296575E-4 0.0029784598884785244 3.675375297997914E-4 9.975062121735625E-5 4.344842569453993E-4 0.008668931695855232 1.6669734836296575E-4 0.5567617868369517 0.1680021423024034 3.0059080265418297E-4 
1.0695301870754179E-4 0.16238346309162513 1.499060388433055E-4 1.0695301870754191E-4 1.0695301870754179E-4 1.9285905897906982E-4 1.928590589790696E-4 1.0695301870754179E-4 0.0016532617435950604 3.2171811938636285E-4 0.011274738254006291 1.9285905897907003E-4 0.019478765099937307 6.399999857177752E-5 1.4990603884330604E-4 6.399999857177752E-5 0.002125744965088456 3.646711395221267E-4 0.001696214763730827 6.399999857177752E-5 8.801073811513002E-4 6.399999857177752E-5 0.14344118121175306 0.6533794362635469 0.0014384966429162392 
5.554696399540277E-4 0.1452992298998142 0.043483747255485275 4.3175702434730966E-4 0.003029721952088388 0.0015451705648077717 8.028948711674639E-4 0.02727739461100517 3.0804440874059193E-4 3.0804440874059166E-4 0.19626882752978184 4.3175702434730966E-4 0.553056010939557 3.080444087405917E-4 5.554696399540279E-4 1.843317931338737E-4 0.010823616735311604 3.080444087405917E-4 5.554696399540277E-4 1.843317931338737E-4 0.00686481303589663 0.003277147183301824 0.002163733642841362 0.0016688831804144901 3.080444087405917E-4 
0.0015761235336249847 0.0018068883266245143 0.0017299667289580039 0.020344993364253376 4.2229956862733625E-4 1.9153477562780478E-4 0.004806830635618385 0.00472990903795189 0.19634160882522805 0.011268244839605207 8.069075569598855E-4 0.002960712291622163 0.6677171593256008 0.054728947521183555 0.0032683986822882017 1.1461317796129572E-4 1.915347756278056E-4 0.021652660524584054 5.761427639603557E-4 3.453779709608263E-4 0.003499163475287732 1.1461317796129572E-4 2.6845637329431644E-4 2.6845637329431634E-4 2.6845637329431503E-4 
2.970917186509486E-4 0.31134854588825356 0.002921998504892314 4.164056634801019E-4 2.970917186509486E-4 1.7777777382179535E-4 2.970917186509487E-4 5.357196083092566E-4 0.005188963456646219 0.0025640566704048543 1.7777777382179535E-4 0.0010129753876258701 1.7777777382179535E-4 6.550335531384131E-4 2.970917186509486E-4 1.7777777382179535E-4 0.00339925428420893 0.0025640566704048513 2.970917186509486E-4 0.13977509322393097 1.7777777382179535E-4 7.743474979675663E-4 0.005188963456646218 0.5088131245805027 0.012467114091224644 
0.001258794103153752 0.8860132789250509 0.04991201396320437 0.006584738289017284 1.7921082223546538E-4 3.2315525969123655E-4 1.0723860350757983E-4 2.5118304096335097E-4 0.0014747107593374097 0.0033459884462624344 6.110441346027792E-4 0.03220684815614447 0.006224877195377857 1.0723860350757983E-4 1.0723860350757983E-4 1.0723860350757983E-4 1.0723860350757983E-4 7.549885720585541E-4 0.003561905102446092 6.110441346027795E-4 1.7921082223546538E-4 0.001474710759337412 0.0021944329466162637 7.549885720585541E-4 0.001546682978065295 
0.013282663643528623 0.5429436067580408 1.7362503037325662E-4 3.1308288796001504E-4 1.736250303732562E-4 3.130828879600151E-4 1.03896101579877E-4 1.03896101579877E-4 0.003311426826075353 0.014886429005776356 0.005124378974703232 1.7362503037325668E-4 0.16731386734810444 5.222696743401541E-4 3.1308288796001515E-4 1.03896101579877E-4 5.919986031335339E-4 3.130828879600152E-4 1.7362503037325573E-4 1.03896101579877E-4 1.7362503037325608E-4 2.4335395916663547E-4 0.24861779832118525 3.1308288796001504E-4 3.130828879600152E-4 
0.001873421366314702 0.002450746905892009 4.301075173714416E-4 4.301075173714416E-4 0.001296095826737399 7.187702871600937E-4 0.008801327841242388 4.301075173714416E-4 4.301075173714416E-4 0.0021620841361033563 0.003605397985046629 7.187702871600907E-4 0.022368478021309104 7.187702871600929E-4 4.301075173714416E-4 7.187702871600926E-4 4.301075173714416E-4 7.187702871600929E-4 0.003605397985046625 0.005914700143355878 0.0010074330569487448 0.0012960958267373974 0.014863246006804083 0.9175117271359218 0.007069351222510472 
5.222696743401539E-4 0.8224868822906998 5.919986031335338E-4 4.525407455467742E-4 1.03896101579877E-4 1.03896101579877E-4 1.03896101579877E-4 5.222696743401539E-4 1.7362503037325643E-4 0.004427089686769421 0.030854353699460282 0.01976745402131292 0.010632964349380198 2.4335395916663536E-4 1.03896101579877E-4 3.8281181675339494E-4 0.002823324324521704 1.03896101579877E-4 0.002823324324521691 1.03896101579877E-4 1.7362503037325584E-4 0.002126035036587895 0.10009517999128635 1.03896101579877E-4 1.7362503037325578E-4 
4.896430214366955E-4 0.537402394739159 0.07959954514330046 4.0045485669953175E-4 0.013689491402536853 2.2207852722520616E-4 0.0012031483393339993 8.463956803853452E-4 9.355838451225072E-4 2.220785272252062E-4 7.572075156481833E-4 5.788311861738555E-4 1.328903624880421E-4 0.0012923365040711599 1.328903624880421E-4 1.328903624880421E-4 3.112666919623688E-4 0.3492153671437451 8.463956803853473E-4 3.112666919623693E-4 0.001203148339333997 3.1126669196236906E-4 0.009319271330415829 3.112666919623689E-4 1.328903624880421E-4 
9.685229808255486E-5 0.7787503453606828 2.2685538566291955E-4 2.918569294531019E-4 9.685229808255486E-5 9.685229808255486E-5 0.0012668800863058515 9.685229808255486E-5 8.118692797745647E-4 0.008482051447016156 9.418723673549338E-4 9.685229808255486E-5 0.013747176494020968 8.118692797745645E-4 9.685229808255486E-5 9.685229808255486E-5 0.016412239789418404 2.9185692945310205E-4 2.2685538566291955E-4 4.8686156082365043E-4 0.007572029833953624 5.518631046138337E-4 0.06100329882948381 0.09031899507885635 0.017127256771110357 
2.268553856629198E-4 0.462452833277653 1.6185384187273745E-4 9.685229808255486E-5 4.21860017033468E-4 9.685229808255486E-5 9.685229808255486E-5 4.868615608236509E-4 5.518631046138337E-4 2.2685538566291955E-4 2.918569294531025E-4 5.518631046138331E-4 0.09662414482650417 4.2186001703346863E-4 9.685229808255486E-5 0.2400175504276473 2.9185692945310195E-4 4.218600170334679E-4 9.685229808255486E-5 2.91856929453102E-4 3.56858473243285E-4 2.9185692945310243E-4 0.11189950761719697 2.2685538566292E-4 0.08329882834951655 
0.0011058432282782158 0.6210184103155613 0.0013521334813919536 0.24887383786070033 0.008740841074804164 3.669724689369989E-4 3.669724689369989E-4 3.669724689369989E-4 0.0013521334813919549 3.669724689369989E-4 6.132627220507357E-4 6.132627220507365E-4 3.669724689369989E-4 3.669724689369989E-4 6.132627220507363E-4 0.006277938543666754 3.669724689369989E-4 8.595529751644749E-4 3.669724689369989E-4 3.669724689369989E-4 0.0013521334813919553 0.04396034727006901 0.05923034296312083 3.669724689369989E-4 3.669724689369989E-4 
3.2824621258093015E-4 0.7328135603699103 0.0020023616967377424 8.663547610599097E-4 3.880360513008166E-4 1.4887669642127074E-4 1.4887669642127074E-4 8.908685770138426E-5 1.4887669642127074E-4 4.4782589002070314E-4 3.2824621258093015E-4 0.010791467988561069 8.663547610599127E-4 3.2824621258093015E-4 8.908685770138426E-5 2.086665351411572E-4 2.086665351411572E-4 8.908685770138426E-5 8.908685770138426E-5 8.908685770138426E-5 3.2824621258093015E-4 1.4887669642127074E-4 0.12080477123315204 0.12809913155697822 1.4887669642127074E-4 
1.2087818570076819E-4 0.4824685364937272 1.6942364245479648E-4 3.1506001271688016E-4 2.665145559628527E-4 7.233272894673954E-5 7.233272894673954E-5 5.092418397329945E-4 7.233272894673954E-5 1.2087818570076828E-4 2.1796909920882506E-4 1.2087818570076828E-4 0.3839698047398041 2.6651455596285423E-4 1.2087818570076822E-4 4.1215092622493726E-4 3.636054694709097E-4 3.150600127168806E-4 2.665145559628534E-4 1.2087818570076828E-4 1.6942364245479664E-4 1.6942364245479678E-4 0.07983251817581528 0.04842360765595912 0.0010432418640273103 
0.0037369387503327833 0.6690927409866446 4.868615608236508E-4 1.6185384187273718E-4 9.685229808255486E-5 9.685229808255486E-5 9.685229808255486E-5 5.518631046138334E-4 0.0013968831738862143 0.0011368769987254812 0.003606935662752422 8.768708235647501E-4 0.04858800396555902 1.618538418727367E-4 5.518631046138335E-4 4.218600170334678E-4 1.6185384187273745E-4 2.2685538566291955E-4 0.0015918878052567662 9.685229808255486E-5 8.118692797745645E-4 9.685229808255486E-5 0.26166306450977833 0.0022419032431585874 0.002046898611788041 
0.036219545829494354 0.3403475223867129 0.0053286751755567095 0.002386687494229311 0.01305139283904104 5.479451933996946E-4 0.01636112898053438 5.479451933996946E-4 0.003857681334893018 0.001283442113731545 0.09248506023488073 0.001651190573897474 5.479451933996946E-4 0.0016511905738974715 5.479451933996946E-4 0.0023866874942293213 5.479451933996946E-4 0.0031221844145611533 5.479451933996946E-4 5.479451933996946E-4 5.479451933996946E-4 9.156936535656202E-4 5.479451933996946E-4 0.4720014711261135 0.002018939034063384 
2.124518691121636E-4 0.35925002664875694 0.0027083047965393357 4.5594971569042374E-4 4.559497156904244E-4 0.002464806949961075 9.070294582303303E-5 0.001369066640358899 0.0014908155636480307 0.0038649195677860773 2.1245186911216326E-4 0.0027083047965393366 0.23311814212121892 1.5157740746759793E-4 0.002464806949961074 0.005021534339032814 9.070294582303303E-5 0.0011864432554252043 0.002343058026671945 0.006908642650014335 2.733263307567301E-4 0.01798779466932521 0.35364957617745746 3.342007924012958E-4 0.0011864432554252043 
0.0049830616735940724 0.08986641100454305 0.0039603707177995 0.00344902523990222 0.001659316067261737 3.8095237251852676E-4 3.8095237251852676E-4 0.0011479705893644554 8.922978504158077E-4 0.002426334284107654 0.0014036433283130902 0.003193352500953573 0.0019149888062103743 6.366251114671643E-4 8.922978504158077E-4 6.366251114671671E-4 6.366251114671643E-4 3.8095237251852676E-4 6.366251114671653E-4 0.002937679762004932 0.0031933525009535746 3.8095237251852676E-4 0.028760626395817702 0.8448680091198819 3.8095237251852676E-4 
0.0010418332882516747 0.44448169146110805 0.0010418332882516745 0.006188406297158727 0.006744792568391912 2.072538814018796E-4 6.245435848267778E-4 2.072538814018796E-4 6.245435848267766E-4 6.245435848267781E-4 3.463504492101784E-4 2.072538814018796E-4 0.0013200264238682744 2.072538814018796E-4 2.072538814018796E-4 0.0017373161272931715 0.011056786170449261 0.001320026423868272 6.245435848267781E-4 0.007162082271816829 0.14570226380888254 3.463504492101784E-4 0.2825732865322484 0.08463887054103955 7.636401526350793E-4 
9.070294582303303E-5 0.34908399155411474 1.5157740746759825E-4 2.124518691121635E-4 0.0013690666403589021 9.070294582303303E-5 9.070294582303303E-5 9.070294582303303E-5 0.010013240193887166 9.070294582303303E-5 9.070294582303303E-5 1.5157740746759814E-4 0.0010038198704915098 1.5157740746759795E-4 0.0023430580266719458 3.342007924012943E-4 0.00380404510614151 2.124518691121636E-4 9.070294582303303E-5 7.603220239132484E-4 0.0016125644869371615 2.124518691121634E-4 0.6153488867874434 0.012448218659669774 1.5157740746759804E-4 
