F1,F2,F3,F4,F5,Label
7.662835078420667E-4,0.0017948519977344722,0.9953920132337905,7.662835078420667E-4,0.0012805677527882714,0
7.919639412690445E-4,0.0014974997516417417,0.9945391528512145,7.919639412690446E-4,0.002379419514607609,0
0.001110392636126025,0.014488617346700533,0.2191754554184898,6.644518124402091E-4,0.764561082786243,0
0.0011806897367566864,0.17900826635236244,0.8195839002475851,1.1357183164803507E-4,1.1357183164803507E-4,0
0.0011103926361260253,0.004677919225612578,0.9032486789525317,0.0015563334598118412,0.08940667572591766,0
0.0638676615356058,4.681036728304298E-4,0.9354492965911009,1.074691002321619E-4,1.074691002321619E-4,0
2.0010951361514403E-4,0.030417219737550412,0.9465633054264254,8.543357348635672E-5,0.02273393174892169,0
0.44863081957533824,0.0023794195146076003,0.5479349848852952,6.155799886758703E-4,4.391960360826961E-4,0
0.0018842229454790044,0.0018842229454790042,0.9953962944265883,3.4779207435680314E-4,4.8746760809518456E-4,0
1.2978585044292823E-4,0.007359467613893296,0.9918156518369793,3.0399504956221565E-4,3.910996491218596E-4,0
8.261048968669905E-5,0.29420922631757895,0.6825894230893766,0.022980686330764808,1.3805377259487782E-4,0
5.018189502908058E-4,0.3280811851445191,0.5948611056855028,2.7829157656564143E-4,0.07627759864312159,0
1.5185287753407908E-4,0.0608320196113923,0.9117570110058894,4.5677833850824116E-4,0.026802338166675876,0
1.921229544034064E-4,3.2106453742198964E-4,0.9876267657107151,0.0013525972015706554,0.010507449595890029,0
0.19628254974729314,5.282073262925889E-4,0.80095641996601,1.752848339470376E-4,0.0020575381264566635,0
0.2705425424933734,0.2971098558427431,0.43171757681288203,4.4152344144999666E-4,1.8850140955123986E-4,0
0.07856180904298511,4.738213587555333E-5,0.9207872430789489,3.971831468023266E-4,2.0638259538772333E-4,0
6.689062811353985E-4,3.709524788650455E-4,0.9967284672709161,8.178831822705755E-4,0.001413790786811277,0
9.89609082295216E-5,5.638779371491824E-4,0.9990064059013279,9.89609082295216E-5,2.3179434506371012E-4,0
4.679883829960412E-4,3.338942891674112E-4,0.9955802586852693,3.338942891674108E-4,0.0032839643533973026,0
0.0019753762702293003,0.13315984111426726,0.863957753157272,4.5351472911516676E-4,4.5351472911516676E-4,0
0.12439733215723127,0.0014593656429943845,0.8708064145650978,6.230529456186237E-4,0.0027138346890580255,0
1.72265284697246E-4,0.04780535178244363,0.9513310095006183,2.878795723131337E-4,4.0349385992902165E-4,0
0.08358145872674341,3.6289705044215815E-4,0.9154755919112051,2.171552611666721E-4,3.6289705044215815E-4,0
0.0012841647583288823,0.08275989248115133,0.9156228869811139,1.665278897030585E-4,1.665278897030585E-4,0
0.2726456878726697,0.0021262466996821556,0.7244569947697855,5.789477034591562E-4,1.921229544034064E-4,0
9.704026954479411E-5,0.0049816177048038505,0.9907544718392193,1.6216796868158252E-4,0.004004702217752039,0
0.00496799956504836,6.5737087174148E-4,0.9938980656212034,1.7841212804071285E-4,2.981518139659041E-4,0
2.4360535387953314E-4,0.023786673637593212,0.9556997932012591,0.018718374215404857,0.0015515535918636304,0
2.3228803198007469E-4,6.999820665548049E-4,0.9984472558259774,3.881860435049851E-4,2.3228803198007469E-4,0
0.007238811608879659,3.2206118443937204E-4,0.9915788563870402,3.2206118443937204E-4,5.382096352031321E-4,0
0.0011140195181385253,8.659082650423872E-4,0.9965363669398298,6.177970119462528E-4,8.659082650423876E-4,0
1.8582164671667096E-4,1.8582164671667107E-4,0.9989904932863588,3.455537227825041E-4,2.9230969742722625E-4,0
0.0017503865730323722,4.7505937182962124E-4,0.9196671396387123,0.05818361522625413,0.01992379919017154,0
5.214168228717136E-4,9.402255215429855E-4,0.9964485022631638,5.214168228717138E-4,0.0015684385695498987,0
0.003666232573579362,9.95024853492001E-4,0.9926808909359228,0.0016628267835138467,9.95024853492001E-4,0
6.177970119462525E-4,0.00285079828981146,0.9945514769150607,3.696857588501182E-4,0.0016102420243307995,0
1.9841438855273797E-4,0.004576038475760062,0.9947150138368357,4.2582343204402776E-4,8.470986680709231E-5,0
5.570230337467651E-4,2.3781212310935374E-4,0.9972930914990552,0.0015146557656589936,3.9741757842805833E-4,0
4.391960360826961E-4,0.0014974997516417415,0.993480849135655,0.0037904911353530053,7.919639412690446E-4,0
1.275193374482887E-4,0.33372630457775326,0.6659423499959076,7.630675144271533E-5,1.275193374482887E-4,0
1.8850140955123986E-4,0.008538228462210277,0.8898139655655822,8.210564892981287E-4,0.10063824807335793,0
8.532232469598833E-4,4.5882112769719103E-4,0.9979017807430366,1.9588638152206667E-4,5.90288500784755E-4,0
1.448225890897094E-4,0.15322910642440904,0.8459476403255658,2.4201895977880107E-4,4.3641170115698517E-4,0
8.659082650423876E-4,0.10060663200968846,0.8846381917934726,6.177970119462523E-4,0.01327147091984914,0
0.059746606629950245,0.020917504885497325,0.8272908333543506,4.987531060867827E-4,0.09154630202411418,0
0.013828736323512532,2.9815181396590414E-4,0.9179831047446328,0.04843350555589288,0.019456501561996523,0
4.15800406525875E-4,9.739217700423011E-4,0.9963833736015886,6.948610882840883E-4,0.001532043133558725,0
0.2720080415096084,5.056402170354266E-4,0.4563941150875114,0.2697742895169245,0.0013179136689204596,0
5.495247928559179E-4,5.495247928559186E-4,0.8569674038816479,0.09393871146768573,0.04799483506495586,0
5.214168228717136E-4,7.30821172207351E-4,0.608003434245556,0.34750442367202283,0.043239904087341755,0
0.0957533681652285,8.601117480787122E-4,0.838947926542141,1.350438862475833E-4,0.06430354965830308,0
2.6990552703871147E-4,6.321948331750423E-4,0.9943917615651411,2.6990552703871147E-4,0.004436232547606571,0
3.2106453742198964E-4,0.02610938114113861,0.972927425246596,3.2106453742198964E-4,3.2106453742198964E-4,0
0.5026730465297307,0.00387188641224191,0.4926216377616196,3.1201247353607826E-4,5.214168228717135E-4,0
0.002320362753182349,0.16719095790997493,0.8298717042754801,2.5690098651410956E-4,3.600740748475212E-4,0
5.214168228717136E-4,0.011619847337660498,0.6532347737020534,0.33326492791719936,0.0013590342202142603,0
1.074691002321619E-4,0.26156753423397644,0.7302482247826839,1.074691002321619E-4,0.007969302782874403,0
0.12704335392427288,7.511852673030512E-4,0.8395063248850976,0.023327791798614033,0.009371344124712685,0
8.741845253388405E-4,0.14228919321546274,0.8064977127816014,0.05025972724981881,7.918222777798777E-5,0
0.006100473149732867,3.6284440655999625E-4,0.9926493702857098,3.6284440655999625E-4,5.244677514381051E-4,0
1.1487650518794888E-4,0.14097352057871304,0.858681849905725,1.1487650518794888E-4,1.1487650518794888E-4,0
7.662835078420667E-4,0.0017948519977344793,0.788135462520474,0.20853711846610704,7.662835078420667E-4,0
6.706248085349846E-4,5.673988244896892E-4,0.9976271787179979,9.458940993224383E-4,1.8890354965694084E-4,0
0.21926899422447885,0.13243380180510397,0.6445587696644335,8.558800780797106E-4,0.002882554227903536,0
1.561280214934753E-4,0.018283744345047162,0.973284294477234,8.89615387186403E-4,0.007386217769038003,0
9.944307749221596E-5,0.0011777415225530865,0.9985638662244134,5.950609804551684E-5,9.944307749221596E-5,0
0.1344075049567413,0.033566631853826065,0.8308684895277272,7.783717280861011E-4,3.7900193361910993E-4,0
7.57288888797216E-5,0.13532041198494726,0.8574385846376814,0.0070387208408381145,1.265536476531404E-4,0
0.007154968437406888,0.2549806909991238,0.7339986719131606,7.078892864777393E-4,0.0031577793638308213,0
3.442001259193758E-4,0.44484562772544567,0.5529382757505354,3.442001259193758E-4,0.0015276962721794914,0
1.1364440103762474E-4,2.0492504566223051E-4,0.9940685837183721,0.005544842756201681,6.80040787253219E-5,0
0.02841495011380491,0.02848866136472255,0.9230484025017891,9.943647724247285E-4,0.019053621247258422,0
8.659082650423867E-4,0.0877048468486894,0.9099455396092789,3.696857588501182E-4,0.0011140195181385231,0
6.022282310478711E-5,0.15077895596223354,0.8489999575654664,6.022282310478711E-5,1.0064082609195015E-4,0
2.219755777298702E-4,0.0012648138856761007,0.9953876751606995,2.219755777298702E-4,0.002903559798163027,0
2.2217315356591046E-4,0.15807123576518858,0.8414676436844742,8.524054665927541E-5,1.537068501125925E-4,0
3.4779207435680287E-4,0.002861951681647678,0.9962343476290183,2.0811654061842212E-4,3.477920743568025E-4,0
0.18917918836528338,1.8354101233015812E-4,0.7302934813520335,6.995197687539764E-4,0.07964426950159828,0
0.032088963614298215,0.07490140558115968,0.23644648744305752,0.02685721930678063,0.6297059240547036,0
0.3290640491226861,0.08524574007448393,0.5825404803563065,0.0026589401624414733,4.907902840823563E-4,0
0.19396150757076966,1.377407737052803E-4,0.8056252701081146,1.7720804448456378E-4,9.827350292599553E-5,0
2.0811654061842212E-4,0.0011858452767870935,0.9980501295676173,3.4779207435680243E-4,2.0811654061842212E-4,0
0.002009698391351975,0.04938435295233769,0.9474171129951735,2.219755777298702E-4,9.668600834057499E-4,0
0.001116157993135006,8.53223246959882E-4,0.9972444438775987,4.588211276971927E-4,3.273537546096274E-4,0
0.0019999026512532037,0.05002352508261096,0.9475460902524475,1.6116035095346812E-4,2.693216627358055E-4,0
4.782042486815018E-4,0.05404753297786198,0.8189130217110877,0.00640131701873722,0.12015992404363109,0
0.09054291511932286,0.0010695458679542062,0.9082431920311009,5.4039447590072965E-5,9.030753403164923E-5,0
0.0011866549874944075,3.2206118443937204E-4,0.9974148645576616,5.382096352031336E-4,5.382096352031326E-4,0
0.11411598127431422,0.05699760343591768,0.8224182751317815,8.567756561164622E-5,0.006382462592374652,0
3.073353183553846E-4,0.0015394145547540942,0.997880823722512,1.7043762542219473E-4,1.0198877895560008E-4,0
0.00546963114442522,7.794615164492508E-4,0.9928620085387966,3.3277869473725323E-4,5.561201055932542E-4,0
4.7505937182962124E-4,0.0017503865730323718,0.9949114445096737,4.7505937182962124E-4,0.0023880501736337485,0
0.3844379398888378,0.04467352005250901,0.5664009045873322,0.0022764978658148436,0.0022111376055064754,0
0.01941817583385682,0.003351276808285704,0.8860186350871009,0.002465699696640052,0.08874621257411636,0
0.009143490182333533,0.0021873268925427752,0.8183771528946581,3.838771507451659E-4,0.16990815287972022,0
0.005397541608760058,0.0021015065116066827,0.894758735926862,2.8300438903932273E-4,0.09745921156373286,0
5.86510250858537E-4,5.86510250858537E-4,0.9956858037483524,0.001373772350144528,0.0017674033997875263,0
0.005654399948714761,4.4942920156456777E-4,0.7528679889386424,4.494292015645684E-4,0.24057875270951332,0
4.775294305598884E-4,4.7752943055988893E-4,0.9961742914205596,2.0387359381672594E-4,0.0026667761245051966,0
2.853066983395564E-4,4.7678770821650806E-4,0.9986672921967631,2.853066983395564E-4,2.853066983395564E-4,0
0.7662542068248362,1.1621150234296878E-4,0.23339715866813512,1.1621150234296878E-4,1.1621150234296878E-4,0
0.10440606470945138,2.0811654061842212E-4,0.8888238621842043,3.4779207435680227E-4,0.00621416449136887,0
1.8165303863189054E-4,4.254826261381372E-4,0.998663813876709,4.2548262613813703E-4,3.0356783238501435E-4,0
0.0023692251788333743,4.15800406525875E-4,0.9958252522380721,4.15800406525875E-4,9.739217700423016E-4,0
1.1764455594922337E-4,1.1764455594922337E-4,0.9996239153967028,7.039774569912896E-5,7.039774569912896E-5,0
0.23439110134239527,0.028605726129513703,0.7359150044180317,6.999820665548017E-4,3.8818604350498553E-4,0
9.147751833052572E-5,0.11044114968068282,0.8780921826067664,6.52661947765228E-5,0.011309923999443739,0
2.6990552703871147E-4,0.02399985507896863,0.8163265675991316,0.02653588022192289,0.13286779157293727,0
3.8748633491144285E-4,0.050637481200757076,0.9345536034231304,2.505653679745339E-4,0.014170863673226983,0
0.0017674033997875241,0.0013737723501445298,0.9945049105994229,5.86510250858537E-4,0.0017674033997875248,0
5.4039447590072965E-5,0.035741836506101146,0.9555730448373583,0.005385448154501789,0.003245631054448789,0
0.06138600031802966,0.21796227363875575,0.7182800354896394,2.0811654061842212E-4,0.0021635740129557685,0
0.002697595615177479,0.0875908739690925,0.9080397285868629,4.635619742849883E-4,0.0012082398545824843,0
0.0027362196351823926,0.20943683526797946,0.7583769260197605,0.027484782715424108,0.001965236361654622,0
3.6289705044215717E-4,3.628970504421574E-4,0.9986941535875087,2.171552611666721E-4,3.6289705044215825E-4,0
8.597497279704096E-4,0.049304445226839064,0.9486907486188804,2.853066983395564E-4,8.597497279704106E-4,0
5.086388397176416E-4,0.3406699750086969,0.652703145847508,3.628970504421576E-4,0.005755343253635077,0
1.5372789818069813E-4,0.007994882611520013,0.9609015264589162,2.5690098651410934E-4,0.030692962044870747,0
2.7829157656564176E-4,0.20804698545410596,0.7047248098714208,0.004860602737931513,0.08208931035997585,0
9.117769429779407E-4,3.025718540641679E-4,0.9959467555021458,7.087085800066854E-4,0.002130187120805489,0
0.06854212357327402,0.21651193597532564,0.7126395462059777,2.737331559829918E-4,0.0020326610894397714,0
0.1712724676751938,0.0014110119466331755,0.8266627665122701,5.109753315011194E-4,1.4277853440163555E-4,0
3.3437285608569104E-4,3.3437285608569055E-4,0.8812008680389776,4.301816982852657E-4,0.11770020455056505,0
0.032184278488391546,0.19907669124466776,0.6837266831945222,1.2978585044292823E-4,0.08488256122197571,0
0.057376098710750396,0.07554387190272233,0.866908674255304,1.2008622696007758E-4,5.126890426321394E-5,0
1.491424276905187E-4,0.1857263686818534,0.8125249613482878,0.0014503851144780663,1.491424276905187E-4,0
0.0012245665323676015,4.0709888362754293E-4,0.9977176303464959,2.4360535387953314E-4,4.0709888362754467E-4,0
0.002584120886674938,4.5351472911516676E-4,0.9960553349259769,4.5351472911516676E-4,4.5351472911516676E-4,0
6.321948331750452E-4,2.6990552703871147E-4,0.9980146546265043,2.6990552703871147E-4,8.133394862432084E-4,0
3.628970504421561E-4,2.171552611666721E-4,0.9988398953767843,3.628970504421582E-4,2.171552611666721E-4,0
0.17251974502909231,0.03534984109684962,0.7918005450470447,2.4756688575522406E-4,8.230194125854596E-5,0
0.011145148838723777,2.3228803198007469E-4,0.7639766464925152,0.004285636331627725,0.2203602803051533,0
0.053704987464769274,0.033441254214211256,0.9082860386104781,5.317325441321944E-4,0.004035987166409119,0
0.5240897885521575,1.0990732767233518E-4,0.4510830727282753,0.023724534271914535,9.926971199804523E-4,0
3.876447907502206E-4,0.1598939449031291,0.8395079947400693,1.0520778302577746E-4,1.0520778302577746E-4,0
4.935991476650882E-4,2.737331559829917E-4,0.3750353159781177,0.6234838865788873,7.13465139347185E-4,0
0.4674499439955917,0.0024784316052069277,0.5296250668645321,2.4191639409396623E-4,2.0464114057541742E-4,0
0.023678221989543363,0.005888944071821682,0.9406346382939247,0.01212674282219159,0.0176714528225204,0
5.005783429845748E-4,4.5701190743753257E-4,0.9735569162861701,4.1344547189049003E-4,0.025072047991516352,0
0.0037355586480025027,5.86510250858537E-4,0.9823023480604901,5.86510250858537E-4,0.012789072789791349,0
9.729920744680049E-4,3.95976758310776E-4,0.9975505699925227,1.7959601475181543E-4,9.008651599483509E-4,0
0.029240295263733222,0.010471809561611669,0.9594533678751355,5.848394149583653E-4,2.4968788456333714E-4,0
5.575250317303443E-4,4.333546451232785E-4,0.554233278912638,0.4440941459921709,6.816954183374073E-4,0
0.005615508178385704,6.87894818478642E-4,0.9899555529534227,0.0024618356280451904,0.0012792084216674913,0
0.33129681362896807,0.03284776622378548,0.635057479300562,6.186238102993047E-4,1.793170363856142E-4,0
0.0030699345553262297,4.6356197428498817E-4,0.9949808711115982,2.7739250421061223E-4,0.0012082398545824892,0
1.665278897030585E-4,0.4777327618535169,0.5214323634167868,1.665278897030585E-4,5.018189502908065E-4,0
0.5057434646535067,2.883617792563407E-4,0.48881498415112534,0.0013102910484289686,0.0038428983676828555,0
0.20723691992659163,5.619666103713482E-4,0.7917752754120618,1.741359605004141E-4,2.517020904746007E-4,0
0.23950904634931663,8.373235201944256E-4,0.7555133661187244,0.0031056911338596385,0.001034572877904441,0
0.2747040549253122,0.0011756287923795432,0.721769058697549,4.5105018010687797E-4,0.0019002074046522148,0
0.10131392380850004,0.16112366695486377,0.7318942330154199,7.716831745266222E-4,0.004896493046689622,0
3.2106453742198964E-4,0.5466465517871596,0.4525191961835934,3.2106453742198964E-4,1.921229544034064E-4,0
0.7746345106407313,6.682687180934574E-4,0.22336068320498817,6.682687180934585E-4,6.682687180934566E-4,0
6.12656382120735E-4,0.23725016257121018,0.7604210888019106,6.126563821207361E-4,0.0011034358626373383,0
0.0012648138856760974,0.2734456122596412,0.7233558536878695,0.0012648138856761004,6.689062811353997E-4,0
9.398427024651323E-4,1.218769016041292E-4,0.9973039847312578,1.218769016041292E-4,0.0015124187630678376,0
0.008745675074536026,0.41476510070095673,0.548159573186023,0.0012422359972510406,0.027087415041232736,0
0.10376011986671227,0.10221168340800905,0.7937555504645722,1.9704612873362859E-4,7.560013197258651E-5,0
1.1229646015281423E-4,0.1441381623317492,0.8549973810135377,1.1229646015281423E-4,6.398637344077466E-4,0
0.0012373477860950575,3.6289705044215815E-4,0.9957793178019989,2.171552611666721E-4,0.0024032821002989277,0
0.0010161743414127777,4.3383946971659076E-4,0.988656116738146,7.250069055646844E-4,0.00916886254515939,0
4.070988836275431E-4,7.340859431235666E-4,0.9980446174059924,4.0709888362754456E-4,4.070988836275433E-4,0
4.254826261381369E-4,0.3085041664402793,0.6907070448563185,1.8165303863189054E-4,1.8165303863189054E-4,0
2.878795723131349E-4,0.5065628450422917,0.4867928018599745,0.0052592939397963796,0.001097179585624356,0
0.09906290577373084,0.08494826078652101,0.8135907343996556,2.603908632613959E-4,0.0021377081768311924,0
0.04428692583401999,3.1201247353607826E-4,0.928182684379746,3.1201247353607826E-4,0.026906364839162034,0
1.1357183164803507E-4,0.07145802605891226,0.9270579178335269,3.4223995417131747E-4,0.0010282443217411645,0
2.3781212310935374E-4,3.9741757842805795E-4,0.9987295405969235,2.3781212310935374E-4,3.974175784280581E-4,0
5.249165933890109E-4,0.2197428281449937,0.7795973832144109,5.049229879595575E-5,8.437974840974534E-5,0
4.7505937182962124E-4,0.07635702784339327,0.9148846626342027,4.7505937182962124E-4,0.007808190778745429,0
1.665278897030585E-4,0.01916635465634204,0.9507166846559643,1.665278897030585E-4,0.02978390490828735,0
0.08362751367185763,0.0791573797540032,0.6571705294098961,0.0014267177379798043,0.17861785942626332,0
3.5462253699962534E-4,0.001065899838628794,0.9967525110763874,2.5301149390974327E-4,0.0015739550540782054,0
0.2627171859802387,0.005607669441183903,0.7311619570867516,1.921229544034064E-4,3.2106453742198964E-4,0
0.0016742612209777008,2.3781212310935374E-4,0.9944201933033187,5.570230337467667E-4,0.0031107103188460403,0
0.004899393205628927,8.363293061230924E-4,0.9941543357604292,6.416331617175912E-5,4.577841164910796E-5,0
7.250069055646845E-4,4.3383946971659076E-4,0.9979734746852849,4.3383946971659076E-4,4.3383946971659076E-4,0
3.2206118443937204E-4,9.7050653673065E-4,0.9974148645576618,3.2206118443937204E-4,9.705065367306517E-4,0
3.296666934383869E-4,0.003824700439461089,0.984228896384584,0.003635779696432835,0.007980956786082677,0
0.0054155554031847086,0.0047965168731842365,0.9721473930872588,2.569009865141095E-4,0.017383633649860557,0
0.0016446305636693634,0.007374625870066149,0.5478229065776588,7.912270073975059E-4,0.44236660998120764,0
0.010962685248960293,2.1411158453164583E-4,0.9847834592461965,7.300431204242244E-4,0.0033097007998870954,0
0.7384334975629894,1.1137227039373703E-4,0.261232385625829,6.664445036026049E-5,1.561000904272135E-4,0
8.178831822705745E-4,0.1947858084602685,0.8035054264985939,2.219755777298702E-4,6.689062811353986E-4,0
2.4360535387953314E-4,0.2647761364861618,0.7343295539224515,4.0709888362754467E-4,2.4360535387953314E-4,0
0.0818372185089359,0.2508229068784699,0.6658141062052337,1.1098231968042169E-4,0.0014147860876802115,0
0.0011140195181385305,6.177970119462526E-4,0.9975288119522141,3.696857588501182E-4,3.696857588501182E-4,0
5.950609804551684E-5,0.18624570427855675,0.81353584044786,9.944307749221596E-5,5.950609804551684E-5,0
3.477920743568036E-4,0.006772866626322396,0.9439956980108645,2.0811654061842212E-4,0.048675526747836935,0
0.025440534393812577,3.1201247353607826E-4,0.967969510753517,7.308211722073509E-4,0.005547121206927011,0
3.7748297451814283E-4,5.938055980828176E-4,0.9984900681019275,3.774829745181429E-4,1.6116035095346812E-4,0
4.6356197428498817E-4,4.635619742849883E-4,0.9962840574021189,0.0012082398545824836,0.0015805787947312333,0
2.4360535387953314E-4,0.12270025913514024,0.875097483035489,5.705924133755547E-4,0.0013880600621156238,0
5.214168228717136E-4,7.308211722073495E-4,0.9956108848658209,9.402255215429853E-4,0.0021966516175568104,0
0.0035786482383513432,0.0017304115715750519,0.9935404128803973,5.752636548398863E-4,5.752636548398863E-4,0
0.005794226376137983,0.002187326892542773,0.9904777853976277,3.838771507451659E-4,0.0011567841829441424,0
0.0023184868765877523,0.005068360124696373,0.9713050726788808,0.006443296748750743,0.014864783571083527,0
0.0024775354856279093,0.5619398451720397,0.43519577779346424,1.448225890897094E-4,2.420189597788011E-4,0
0.3906539844515834,8.532232469598818E-4,0.6079695521653244,1.9588638152206667E-4,3.2735375460962783E-4,0
2.560819405062428E-4,0.32955340340152,0.6693346166209483,2.560819405062428E-4,5.998160965198279E-4,0
1.9648923189506632E-4,0.16717288290697804,0.8264771216382244,0.0034318541376977137,0.0027216520852044496,0
0.04784120520065732,2.4968788456333714E-4,0.9458797308941351,2.4968788456333714E-4,0.005779688136081296,0
1.4156212767991514E-4,0.04261020099967845,0.9542930563562597,7.669369972809575E-4,0.002188243519101522,0
0.0035853177991880115,0.0047962591197848745,0.9907819420826934,2.3194183445822303E-4,6.045391638726443E-4,0
7.592253903949792E-4,1.3324450068796104E-4,0.9958899883417793,0.0028160197422894707,4.0152202484811144E-4,0
4.907902840823573E-4,0.0026589401624414703,0.7414067350797103,4.907902840823568E-4,0.2549527441896835,0
0.003731964876124712,0.01349749637984918,0.9783703051498064,0.004114926895878603,2.853066983395564E-4,0
3.0799235461897735E-4,0.0011904919464758854,0.9962970317243275,0.0011022419872901978,0.0011022419872901987,0
3.6569584026288E-4,0.07539097495971063,0.9192157972347269,8.896153871864012E-4,0.004137916578112201,0
0.0013340680153543047,0.01550297923393947,0.9822060378816619,2.3888647188878903E-4,7.180283971549592E-4,0
6.644518124402091E-4,0.10858213114440779,0.8894245134182712,6.644518124402091E-4,6.644518124402091E-4,0
0.0530621803272711,2.650501058327031E-4,0.9457168860469926,3.714959328920546E-4,5.843875870107616E-4,0
0.008848070012660709,1.2040938924283111E-4,0.9902250201125381,5.244677514381048E-4,2.8203273412094165E-4,0
0.010917871873456875,0.021128455851910328,0.8780722119413833,0.08917417243824607,7.072878950034222E-4,0
0.0013707329678984438,0.26352722413979446,0.7176269757084778,0.016917222560650407,5.578446231793899E-4,0
3.375207032679228E-4,0.16467734008690874,0.8228167117008237,0.0119349193496451,2.335081593542271E-4,0
0.2001217489232891,0.0050190993524575475,0.7933433776495776,7.578870373379976E-4,7.578870373379945E-4,0
0.021427261626588267,2.6091193087817766E-4,0.8012291152675517,0.0013087510247252162,0.17577396015025654,0
3.066317969496019E-4,0.2691409821199887,0.6588326730627696,1.176445559492234E-4,0.07160206846434256,0
0.14294528215162314,0.045756232941548985,0.604851198620309,7.727664281811741E-4,0.2056745198583377,0
8.924587038449187E-5,0.010271660839833989,0.9894606015490126,8.924587038449187E-5,8.924587038449187E-5,0
2.3179434506371025E-4,0.3309870520621936,0.6684503983394496,9.89609082295216E-5,2.3179434506371025E-4,0
0.01688961937314776,7.578870373379947E-4,0.9784017410490533,0.001671003962006476,0.0022797485784521133,0
7.872755117075844E-4,0.11702349882651641,0.8817836440901498,3.2985268274681595E-4,7.57288888797216E-5,0
2.3781212310935374E-4,0.02577468497410212,0.973192667745932,3.974175784280578E-4,3.9741757842805763E-4,0
1.9841438855273792E-4,0.0022450957799743415,0.9968753997500032,8.470986680709231E-5,5.963802146624921E-4,0
1.2812299521621742E-4,0.7633628417589658,0.23436104029044552,3.8608876316250436E-4,0.001761906192209377,0
0.007108042387809348,1.8154708498271162E-4,0.9852020896237997,1.0863660811085245E-4,0.00739968429529679,0
4.679883829960415E-4,7.361765706533014E-4,0.9953120704976122,0.0032839643533973035,1.9980019533877912E-4,0
0.03700751474855483,9.74148787138595E-4,0.9584321586190557,2.7220009957853775E-4,0.0033139777456721235,0
0.0021194644510188726,2.0387359381672594E-4,0.9956269797470735,0.0010248411040462162,0.0010248411040462149,0
0.0027763954132099125,1.919116638151854E-4,0.8973377067994536,1.3692264787061711E-4,0.0995570634756508,0
0.25613435528523304,1.0520778302577746E-4,0.7434794121137587,1.7581703495688926E-4,1.0520778302577746E-4,0
0.0023000518636409305,1.1621150234296878E-4,0.9968833478376199,1.9420580096075188E-4,5.061829954318861E-4,0
9.341429029973863E-5,9.341429029973863E-5,0.998874012967221,7.203558499488038E-4,2.1880260222955129E-4,0
3.696857588501182E-4,0.007316800845541879,0.9913260306248107,3.696857588501182E-4,6.177970119462525E-4,0
2.8787957231313417E-4,0.018208094152775967,0.9805814242674388,2.8787957231313417E-4,6.347224351608008E-4,0
3.836661518240392E-4,2.737331559829911E-4,0.9964865414675643,8.23398135188234E-4,0.00203266108943977,0
6.878948184786399E-4,8.849993528749241E-4,0.9974455252604812,4.907902840823573E-4,4.907902840823568E-4,0
0.0011320121962653895,0.38632431379405635,0.6121829527544544,1.350438862475833E-4,2.2567736897647516E-4,0
2.3781212310935374E-4,2.3781212310935374E-4,0.9979315133203301,0.0011954448550215847,3.974175784280584E-4,0
0.0026522416575222086,9.086778533924684E-5,0.9966482593410975,1.518528775340793E-4,4.5677833850824126E-4,0
0.008384299201413599,0.09914746961611874,0.8631734938762534,0.0015394145547540951,0.027755322751459983,0
6.404724328399075E-4,3.5518404193098096E-4,0.9985792638322749,2.1253984647651592E-4,2.1253984647651592E-4,0
5.191081475449103E-4,1.72265284697246E-4,0.9988484817107498,1.72265284697246E-4,2.8787957231313357E-4,0
5.441373340015027E-4,0.5104507051166515,0.48631141971954167,3.1478545374393066E-4,0.002378952376062089,0
8.757165414237923E-4,2.713572981963562E-4,0.9522580372300566,9.004952522812453E-5,0.046504839405095366,0
0.00129849694078938,0.3882478500956216,0.6097722499392119,4.775294305598888E-4,2.0387359381672594E-4,0
0.0036713165717319495,3.7149593289205463E-4,0.9948948581484136,9.037250681888124E-4,1.5860427877335156E-4,0
0.1842614568104176,3.656958402628813E-4,0.8139079683031005,7.848314778016997E-4,6.800475684169932E-4,0
0.0038666753346183395,0.0011287214759545295,0.9310063007246493,2.3888647188878952E-4,0.06375941599288905,0
7.16628489065469E-4,0.3866426194496927,0.5952469495512399,2.3781212310935374E-4,0.01715599038689201,0
0.0034422734954749827,2.7739250421061223E-4,0.8467899729323919,0.14902679909363614,4.635619742849883E-4,0
2.4201895977880167E-4,0.5506650661721051,0.44744252050028943,9.223935546024437E-4,7.280008132242602E-4,0
1.218769016041292E-4,0.06850381785358436,0.8954672425240636,1.218769016041292E-4,0.03578518581914404,0
2.4557544706436637E-4,0.0035001898492796747,0.9956644591306727,1.4695076820935802E-4,4.4282480477438643E-4,0
0.09180608347934696,0.3323937948164367,0.5474058330275162,0.02689678892505884,0.0014974997516417415,0
2.1140302558750058E-4,1.2650221096298492E-4,0.9989845862684007,2.114030255875011E-4,4.661054694610508E-4,0
6.644518124402091E-4,6.644518124402091E-4,0.9964503111028672,6.644518124402091E-4,0.0015563334598118412,0
1.6934800637886252E-4,0.001987850128946221,0.9972767930865981,2.8300438903932273E-4,2.8300438903932273E-4,0
5.473974198912604E-4,0.22864997653198396,0.7686105980645639,1.8165303863189054E-4,0.0020103749449287282,0
7.662835078420667E-4,0.36179382346007427,0.623050219892745,7.662835078420667E-4,0.013623389631497087,0
0.19141737980581386,0.06949760069072737,0.7368129537735759,2.4894033841123655E-4,0.002023125391472982,0
0.0015750194931458095,0.34882277596376243,0.6481492106780202,1.2040938924283111E-4,0.0013325844758286457,0
0.00374296586930569,0.002737092687542451,0.9918457214213935,8.371100108785536E-4,8.371100108785525E-4,0
1.752848339470376E-4,0.022527042682498853,0.9768294619848791,2.9292566472888747E-4,1.752848339470376E-4,0
1.249219210071479E-4,0.10551207508597946,0.8939454787163678,1.249219210071479E-4,2.9260235563717465E-4,0
0.13564613975633266,0.058600363729708074,0.7964684486454063,0.00821105039086655,0.0010739974776859441,0
1.6934800637886252E-4,0.3603464246573772,0.6390318749408256,1.6934800637886252E-4,2.8300438903932273E-4,0
2.0010951361514438E-4,0.08397088377769377,0.8107296543438789,4.2946139387271706E-4,0.10466989097093975,0
3.3277869473725323E-4,0.5312153122994459,0.39028688204931056,3.3277869473725323E-4,0.07783224826176882,0
5.752636548398861E-4,0.18747819658259077,0.8066374799526441,5.752636548398849E-4,0.004733796155086518,0
1.9980019533877912E-4,0.2328530529880148,0.7665475464259703,1.9980019533877912E-4,1.9980019533877912E-4,0
2.4201895977880167E-4,0.3114647979062505,0.6773119371799915,1.448225890897094E-4,0.01083642336488976,0
1.704376254221943E-4,0.10612925195571143,0.8891156066870934,6.495795506883643E-4,0.003935124181084942,0
1.3149243624759405E-4,3.0799235461897653E-4,0.9714987931931468,1.3149243624759405E-4,0.02793022957974015,0
0.12518321173933658,0.0013253889759010174,0.8703244493115939,1.0534601630665884E-4,0.003061603956862223,0
0.05734793665715636,0.008815920828420249,0.669171968035638,0.0010916059968195742,0.2635725684819661,0
1.921229544034064E-4,0.0062523773562768205,0.9221244415372746,0.07085211044858694,5.789477034591561E-4,0
0.0010358393997028802,0.09903358896538747,0.8972204710142287,0.0016742612209776997,0.0010358393997028804,0
0.01101193568021095,0.321499959928655,0.6650552555932342,4.446568434570426E-4,0.0019881919544435674,0
0.07514788319561928,1.0982976141246964E-4,0.9079375960636636,1.0982976141246964E-4,0.01669486121789239,0
3.317932225190996E-4,3.9222914684184425E-4,0.985135180061628,0.01260028586003609,0.0015405117089739725,0
2.7739250421061223E-4,0.0028837650852518554,0.9946085321714494,2.7739250421061223E-4,0.0019529177348799824,0
1.561280214934753E-4,0.36459456486149255,0.562217017961043,2.6091193087817783E-4,0.07277137722509301,0
0.019482132902678084,0.24306764352848462,0.7121499050367994,1.2196208575144626E-4,0.025178356446286493,0
8.71886036211393E-4,5.962634737442099E-4,0.9977986944800006,2.2876672378797225E-4,5.043892862551513E-4,0
8.772393266895597E-4,0.0015818492370692854,0.8175201254567918,8.772393266895599E-4,0.17914354665276014,0
1.0982976141246964E-4,0.3285671638506324,0.6708822131123772,1.0982976141246964E-4,3.3096351416553234E-4,0
9.89609082295216E-5,9.89609082295216E-5,0.9986079055908252,4.974612187320877E-4,6.967113739833718E-4,0
4.070988836275429E-4,5.705924133755544E-4,0.9967366691680082,0.0013880600621156134,8.975794728715806E-4,0
3.206409112770335E-4,0.5044343076637487,0.49497126635237587,1.368925362989124E-4,1.368925362989124E-4,0
0.004730601910751895,0.004363105160795666,0.9903568852933871,1.368925362989124E-4,4.1251509876609254E-4,0
1.9588638152206667E-4,0.2236904206303791,0.7700688231822896,4.5882112769719157E-4,0.005586048678112127,0
0.001115417330540203,0.003521556422635297,0.9157920064826875,0.07862746951160353,9.435502525334112E-4,0
8.63735220331298E-4,0.2502335681122207,0.7458612975454357,4.4881037358938697E-4,0.002592588748422606,0
0.04611870592502999,1.448225890897094E-4,0.9526692553421873,1.448225890897094E-4,9.223935546024432E-4,0
0.005547805859246591,9.341429029973863E-5,0.48007987235762256,9.341429029973863E-5,0.5141854932025317,0
2.3228803198007469E-4,5.440840550298919E-4,0.9798953924545141,3.881860435049849E-4,0.018940049414969285,0
1.603753411065257E-4,0.001171337386382387,0.9983015837700587,2.063281613463372E-4,1.6037534110652558E-4,0
9.995002275456538E-5,0.1989267111410617,0.7705871896330366,0.030286199180392343,9.995002275456538E-5,0
2.4360535387953314E-4,0.26199674648044585,0.7371089439281677,4.070988836275439E-4,2.4360535387953314E-4,0
0.13608890941300975,0.010054451052651462,0.8173602783041649,2.219755777298702E-4,0.03627438565244231,0
6.367398775265053E-5,6.367398775265053E-5,0.9997453040489866,6.367398775265053E-5,6.367398775265053E-5,0
2.820327341209404E-4,0.0673557208585361,0.9320406159564193,2.0122106168188553E-4,1.2040938924283111E-4,0
2.171552611666721E-4,0.06099148138904348,0.9290295783138275,2.171552611666721E-4,0.009544629774797666,0
9.03604792013179E-4,0.03065431137158346,0.9625514439375338,6.702659168792941E-4,0.005220373981990036,0
3.860887631625043E-4,0.06685526830398936,0.927085115815544,3.860887631625043E-4,0.005287438354141972,0
0.0027270794540678596,0.003941814186493542,0.9890916821837284,0.001512344721642166,0.0027270794540678613,0
0.0012295442818794225,0.26651517553984644,0.7290915817041358,0.0012295442818794225,0.0019341541922591478,0
4.897445209136105E-4,0.046006569490534464,0.8280496143767411,6.961700309799178E-4,0.12475790158083074,0
0.16656167722303128,0.010823457104735482,0.728057322851327,4.8746760809518483E-4,0.09407007521281106,0
1.8979453915579587E-4,0.21605250220113426,0.7827683325213363,1.8979453915579587E-4,7.995761992178824E-4,0
0.0017674033997875263,0.5670215906871289,0.4201972091702916,0.010033655442290373,9.801413005015333E-4,0
1.2650221096298492E-4,0.06932066612994404,0.9302149264225422,2.1140302558750123E-4,1.2650221096298492E-4,0
2.0811654061842212E-4,0.26223941783382304,0.7362981793418907,9.064942093103297E-4,3.477920743568025E-4,0
1.9035204037904537E-4,0.06744080133180577,0.9322063110767943,8.12677755105516E-5,8.12677755105516E-5,0
0.0012272804846170842,2.09038987672133E-4,0.9983252922282981,8.924587038449187E-5,1.4914242902831245E-4,0
1.9588638152206667E-4,0.006769255035900179,0.9917228142079211,3.273537546096274E-4,9.846906200474451E-4,0
7.938911721303099E-4,0.48095458242496625,0.5166637440586429,7.938911721303089E-4,7.938911721303095E-4,0
8.350380951644226E-4,0.004902558941370839,0.9916352630446161,0.0017921018236835729,8.350380951644247E-4,0
1.8850140955123986E-4,0.3114056006450229,0.6873963400465762,5.680344573993748E-4,4.4152344144999714E-4,0
4.279490185130334E-4,0.04494152222227212,0.9536027636441821,4.279490185130341E-4,5.998160965198273E-4,0
1.5140045081986014E-4,0.10714782882446569,0.8920931366938061,2.5301149390974316E-4,3.5462253699962534E-4,0
0.018918945320076357,0.173401847672536,0.8061174447864238,0.0012693388540069685,2.92423366955158E-4,0
0.0017674033997875259,5.86510250858537E-4,0.9952921726987094,0.0017674033997875256,5.86510250858537E-4,0
0.017902482405867566,5.752636548398848E-4,0.7890792316182693,0.1343413924127729,0.0581016299082515,0
2.0387359381672594E-4,0.10638233825016402,0.8928692130500151,3.4070151218830745E-4,2.0387359381672594E-4,0
7.089684350628711E-5,9.273687976252115E-4,0.9883919501215126,2.612239444216029E-4,0.010348560292933368,0
6.80040787253219E-5,0.09472603255444188,0.9019207729698334,0.002760783095151197,5.244073018483521E-4,0
4.935991476650895E-4,0.0028021920603271116,0.7275904336403601,0.26894997499150564,1.6380016014194349E-4,0
0.007571033475296952,0.0015818492370692854,0.9890926386342583,8.772393266895599E-4,8.772393266895599E-4,0
1.850138719091466E-4,0.005027658949584736,0.9939206178882591,5.575250317303413E-4,3.091842585162127E-4,0
0.004103151063637494,0.24550578360561412,0.7495840776108906,5.191081475449118E-4,2.878795723131344E-4,0
8.69187290445869E-5,0.004170349043887558,0.9952188864562745,2.619228853950002E-4,2.6192288539500015E-4,0
0.03716824705925326,2.219755777298702E-4,0.9244746702203558,0.004989236414055466,0.03314587072860366,0
1.6934800637886252E-4,0.057338508484590406,0.9418124783482917,3.966607716997829E-4,2.8300438903932273E-4,0
4.767877082165071E-4,0.24633840439022217,0.6134075003243386,0.11459946959487939,0.025177837982343205,0
1.1826719802353492E-4,0.14983301959174603,0.8411708791626675,5.049229879595575E-5,0.008827341748767465,0
1.6380016014194349E-4,0.0044511869979428405,0.7660669821847267,0.06282560778953956,0.16649242286764848,0
2.9815181396590414E-4,0.011912901348709473,0.8852941704870557,0.0022139867887689627,0.10028078956150081,0
9.519276322312228E-5,2.229682871839892E-4,0.9408424879251088,0.003097917576303501,0.05574143344818086,0
0.00167581309263874,0.03430386687503989,0.959399825088841,2.2567736897647516E-4,0.004394817574505501,0
2.7382306192374415E-4,0.29098975755468987,0.7077618776141748,9.086778533924684E-5,8.836739838720694E-4,0
0.04133791060550252,0.0035791671195423654,0.8253782469017972,1.1229646015281423E-4,0.1295923789130061,0
2.0387359381672594E-4,0.11253959457688517,0.7351066231675802,3.407015121883072E-4,0.15180920714952922,0
2.7739250421061223E-4,0.0036284429655493674,0.9901404648896643,0.005676307136367486,2.7739250421061223E-4,0
0.02829144339080957,0.14028551429513195,0.8306019093230365,2.929256647288876E-4,5.282073262925892E-4,0
6.248047345549776E-5,0.037802364612274694,0.9618843943535618,6.248047345549776E-5,1.8828008725156145E-4,0
1.074691002321619E-4,0.012008409995974972,0.9855775021822604,9.008651599483528E-4,0.001405753561585924,0
0.002009698391351978,0.47143591386828926,0.5256635058814932,5.199293800002239E-4,3.709524788650455E-4,0
6.840914407529306E-4,0.1918945066997769,0.7947786606280304,0.011806290894066665,8.364503373736668E-4,0
5.915512089436288E-4,0.054396839212335936,0.9448370822415806,1.091892138031868E-4,6.53381233358744E-5,0
1.4275517168654015E-4,0.6111157418783763,0.3883601837643645,1.4275517168654015E-4,2.3856401388611614E-4,0
0.024285605967007712,4.36092262545398E-4,0.9720625234131257,4.8204508278520947E-4,0.002733733274535986,0
0.024479423613879333,0.09373446648154672,0.8788111217851855,4.6356197428498817E-4,0.00251142614510311,0
5.752636548398864E-4,8.062932381869193E-4,0.9972368862139499,5.752636548398848E-4,8.062932381869192E-4,0
6.689062811353992E-4,0.004244351908379596,0.9946427906550238,2.219755777298702E-4,2.219755777298702E-4,0
0.0014709657082875008,0.013586411532874813,0.5422168527943889,0.0012656191688877154,0.4414601507955611,0
0.03358684786920988,0.29310295587797824,0.6212852876804539,8.058658049444723E-4,0.051219042767413306,0
3.2206118443937204E-4,0.0014028034382581665,0.9974148645576618,5.382096352031336E-4,3.2206118443937204E-4,0
0.0014184396848323166,0.0052263315413072515,0.9524394308394449,0.039497358249581664,0.0014184396848323166,0
3.091842585162128E-4,0.0761772904754338,0.9227709863624103,3.091842585162128E-4,4.333546451232783E-4,0
1.4275517168654015E-4,2.3856401388611614E-4,0.9991415527866531,1.4275517168654015E-4,3.3437285608569045E-4,0
1.448225890897094E-4,1.448225890897094E-4,0.9985459423074394,3.3921533046789347E-4,8.251971839133518E-4,0
1.9648923189506638E-4,0.17608986423272674,0.776526243946199,0.04343990309481813,0.003747499494361387,0
1.3324450068796104E-4,5.803737076215506E-4,0.7907471082006517,0.20840602909035136,1.3324450068796104E-4,0
0.007939579665549241,0.0900528795512814,0.8833050015133056,0.004057432249748128,0.014645107020114774,0
2.1689045000257152E-4,7.395180473604328E-4,0.9963450910140809,0.0018718778416357933,8.266226469200763E-4,0
1.6871690229827677E-4,2.3647469529220822E-4,0.8198347387498831,0.17945583716424016,3.0423248828613904E-4,0
3.15012425500619E-4,0.22778181910248355,0.7713996546369645,1.8850140955123986E-4,3.1501242550061856E-4,0
2.2267034207467786E-4,2.2267034207467786E-4,0.9963371175487129,0.002994871425062903,2.2267034207467786E-4,0
3.838771507451659E-4,6.415128281448257E-4,0.9745043733988502,0.024086359471513673,3.838771507451659E-4,0
2.7867719891422197E-4,0.006107741873662054,0.9732533766756566,1.9882699789027913E-4,0.020161377253875956,0
1.448225890897094E-4,0.24051144730321325,0.7585681030760719,6.308044425351686E-4,1.448225890897094E-4,0
8.33486741814825E-4,0.0021724212847269867,0.9949923848541016,8.334867418148251E-4,0.0011682203775428674,0
7.662835078420667E-4,0.001280567752788273,0.9953920132337905,7.662835078420667E-4,0.0017948519977344748,0
5.113898315190402E-4,0.0377711227729611,0.9560372411148007,0.0018154804844695161,0.003864765796248816,0
