0.9963533128073874 0.00151145587588468 7.117437722419933E-4 7.117437722419933E-4 7.117437722419933E-4 
0.9960983469766513 2.5608194622279165E-4 8.315469939144557E-4 0.00255794213698945 2.5608194622279165E-4 
0.3149497707305121 0.0013231124645594885 0.0020231719696174153 0.6796807728656935 0.002023171969617416 
0.977217697417813 0.02206688579197395 2.3847226340460254E-4 1.1229646266142612E-4 3.6464806414777804E-4 
0.8753316074621692 0.005812805252341942 0.004745256078358121 0.11096639888974885 0.0031439323173823724 
0.8618498931409682 0.13704198156180356 1.0198878123406431E-4 3.311770536701638E-4 6.749594623243097E-4 
0.8768754512550199 1.7837845490281207E-4 0.003953583849671316 0.11890858812037246 8.399832003359945E-5 
0.26929540321788786 0.7299555331117005 2.4968789013732806E-4 2.4968789013732806E-4 2.4968789013732806E-4 
0.9483306417436914 0.04624723682552772 6.620165160521832E-4 0.004098088398675953 6.620165160521822E-4 
0.9951490992287113 4.056453480619565E-4 0.0036339647271017503 5.460070601941209E-4 2.6528363592979033E-4 
0.9645108553219993 2.4044361430847517E-4 1.5724513184879485E-4 7.404664938911507E-5 0.03501740928245469 
0.9116877099501913 8.714325174420155E-4 5.15018399878819E-4 0.08623261367382751 6.932254586604174E-4 
0.9534444285721325 2.847164411430028E-4 0.04540586870532834 7.773054396603122E-4 8.76808417360807E-5 
0.840048472319989 3.368113410972205E-4 1.5860428231562234E-4 0.0040791595755107855 0.15537695248108763 
0.7142022084797102 0.2792807440312013 1.7226528854435814E-4 0.0061725169119995265 1.7226528854435814E-4 
0.6832811899094683 0.3161637684624099 1.8501387604070305E-4 1.8501387604070305E-4 1.8501387604070305E-4 
0.7993979144849598 0.1998320249652895 4.671805652884834E-5 5.191478416520328E-4 2.0419465156991035E-4 
0.9805227525104767 0.0018842016024071932 0.013585833860702798 0.0018842016024071932 0.002123010424005063 
0.9991015434350221 4.082939296453921E-4 9.341429238673525E-5 1.983741714729546E-4 1.9837417147295478E-4 
0.9921919986695629 8.086561548295921E-4 1.8501387604070305E-4 0.005797794385140689 0.0010165369144258857 
0.9855906797630959 0.0033586000146238046 0.0023836798362134124 4.338394793926253E-4 0.008233200906675725 
0.6997858249036212 0.27143563214603394 5.865102639296195E-4 5.865102639296195E-4 0.02760552242248504 
0.9945656413818038 0.004355478598407372 5.499053363651068E-4 3.596266732629951E-4 1.6934801016088057E-4 
0.789953312875378 0.18767746480554992 2.125398512221043E-4 0.012152980931115576 0.010003701536734752 
0.9934847499309448 0.005683023104545171 1.5860428231562234E-4 3.368113410972203E-4 3.3681134109722063E-4 
0.6616615909114534 0.3373676059412321 1.8501387604070305E-4 6.007753952332941E-4 1.8501387604070305E-4 
0.9906347432201889 0.008437929503874566 6.299835819219309E-4 2.021509286642527E-4 9.51927653498332E-5 
0.9892299488254165 0.009147807538661639 0.0011020778564679215 3.536378860313036E-4 1.6652789342214838E-4 
0.987291747384736 5.050167670910769E-4 2.3781212841854954E-4 0.004245881708506467 0.007719542011249322 
0.998643389574109 2.1715526601520085E-4 2.1715526601520085E-4 4.6114994693115697E-4 4.611499469311559E-4 
0.982625462321863 0.013283317849567898 3.1201248049922046E-4 0.001714315763641782 0.002064891584427425 
0.9897614612750112 0.001558212661980012 0.00716617596987723 7.570750465661229E-4 7.570750465661229E-4 
0.9950269775237712 0.004483150387275444 1.6329069631818347E-4 1.6329069631818344E-4 1.6329069631818347E-4 
0.8047429866679668 4.338394793926253E-4 0.02090716322601085 9.212995685978227E-4 0.17299471105803213 
0.9807713882608915 0.002002413775518879 0.01628108585901512 6.425402437573321E-4 3.0257186081694373E-4 
0.9835579191491046 0.010308289015954274 0.003110880083170057 7.117437722419933E-4 0.0023111679795273627 
0.9614921967162399 0.01774932796998597 0.007693051499738919 0.01233440987062213 7.310139434141063E-4 
0.9933006572651838 0.006279735296892469 1.6981971256441308E-4 7.996801279488205E-5 1.6981971256441322E-4 
0.9868909700831782 0.001967850952125602 2.2197558268590464E-4 4.7138634974871964E-4 0.010447817032261282 
0.9942319291896372 2.4968789013732806E-4 2.4968789013732806E-4 0.001932977037130549 0.0033357179929582557 
0.997692205131934 6.375525738458006E-4 0.0015264091406777109 7.191657677094584E-5 7.191657677094584E-5 
0.6849751763783642 1.7226528854435814E-4 1.7226528854435814E-4 0.3143144712520201 3.658217925267849E-4 
0.9415946205571561 0.02588047361547345 0.03106131744541228 0.001271465423264144 1.9212295869356372E-4 
0.9992788746649374 1.4074595355383548E-4 2.988874744008413E-4 1.4074595355383548E-4 1.4074595355383548E-4 
0.9953037073043065 0.0022023219727420563 7.066873562788618E-4 0.0014545046645104548 3.3277870216306195E-4 
0.8387225548902195 0.15694005247931098 0.0030904483168494533 3.9920159680638693E-4 8.477427168135619E-4 
0.4913587992966176 0.06338531648077672 0.005100347563341569 0.30428551379108204 0.1358700228681818 
0.9966090291327451 0.0012962838368207389 8.477427168135628E-4 8.477427168135618E-4 3.9920159680638693E-4 
0.29138368994374225 0.4063924948183701 0.001835777400302325 9.007464663622647E-4 0.29948729137122265 
0.7586632254442531 0.001074472315573612 4.5068577532768393E-4 0.07577291051002344 0.16403870595482226 
0.3286277615535647 0.003593525714002879 2.9368575624082204E-4 0.22204293091785057 0.4454420960583412 
0.7373196894953927 0.2582383280060483 0.0014806608328530055 0.0022292254601801067 7.320962055259049E-4 
0.9877275613105151 5.58106571778705E-4 0.010302824491724361 8.534010542013003E-4 5.58106571778705E-4 
0.9168557146548578 0.0010496395762236137 1.5860428231562234E-4 1.5860428231562234E-4 0.0817774372042877 
0.3705281408828981 0.6278842067687705 3.0257186081694373E-4 3.0257186081694373E-4 9.825086266977187E-4 
0.9820428854544992 0.017162687443118507 4.916261939797053E-4 1.5140045420136296E-4 1.5140045420136296E-4 
0.5994293865905853 2.8530670470756117E-4 2.8530670470756117E-4 0.001567584029235918 0.39843241597076395 
0.9584777401453916 1.0632642211589582E-4 0.04000860168808126 0.0013010053222945008 1.0632642211589582E-4 
0.7573297824340536 0.14854130671626187 1.9588638589618031E-4 0.03299034874379596 0.0609426757199925 
0.9369478600001582 7.325389144817511E-4 4.6937338652898314E-5 4.688460007014245E-4 0.061803817746005706 
0.9686643824691047 0.014405757709166802 1.1357183418512197E-4 0.0017724862661026323 0.015043801721442769 
0.9994246383486117 2.384722634046021E-4 1.1229646266142612E-4 1.1229646266142612E-4 1.1229646266142612E-4 
0.3634999440068682 0.001411026914031875 6.64451827242526E-4 6.64451827242526E-4 0.6337601254246144 
0.9184706951047227 0.08131897102607966 5.100739607243054E-5 5.100739607243054E-5 1.0831907705268952E-4 
0.617322383717601 0.3584716352266087 0.001807373810260112 0.0034108740221512036 0.01898773322337904 
0.9993850883935428 1.537279016141433E-4 1.537279016141433E-4 1.537279016141433E-4 1.537279016141433E-4 
0.9994975225068055 1.2561937329890426E-4 5.915409642117712E-5 5.915409642117712E-5 2.5854992705435863E-4 
0.6843317382065167 0.31536149821492504 5.8462437883659715E-5 1.2415057033721036E-4 1.241505703372103E-4 
0.9825186811897286 0.0013318860562677828 2.422373003532979E-4 0.001415705191338131 0.014491490262311982 
0.6739222061019389 0.03132300458545584 1.8850141376060292E-4 0.294377786485084 1.8850141376060292E-4 
0.9782460523922855 4.5702899524784784E-4 0.01832702085095953 0.0026710102871059377 2.988874744008405E-4 
0.9722919312952069 0.019063808615614252 6.709158000670929E-5 2.932429732877503E-4 0.00828392553588457 
0.8242821134092978 0.10862318354094318 2.30700217883539E-4 0.06663330261399213 2.30700217883539E-4 
0.9973722686214433 3.565062388591794E-4 3.565062388591794E-4 0.0011576438542730651 7.570750465661229E-4 
0.9997605507333133 5.986231667165506E-5 5.986231667165506E-5 5.986231667165506E-5 5.986231667165506E-5 
0.9984660173742231 2.0811654526534833E-4 2.0811654526534833E-4 9.096329899800095E-4 2.0811654526534833E-4 
0.9293761993783195 0.0696508071110573 4.900759617740751E-5 2.692664554017101E-4 6.547194590442425E-4 
0.9920448167406208 0.0012474981202808455 0.002094695485497045 0.0027300935094091944 0.0018828961441929959 
0.6140885815598507 0.3702054940829665 0.009141343554126038 0.004258799260294522 0.002305781542761936 
0.23678440993771463 0.061636520626262695 0.0052471714510058136 0.6539761756396895 0.04235572234532753 
0.5410857683245444 0.44844123162737015 2.8530670470756117E-4 9.2644536697174E-4 0.009261247976406118 
0.6091789551614868 0.3905868161815624 5.6802044873615406E-5 1.2062456720352025E-4 5.6802044873615406E-5 
0.9980783261682125 4.242948063172775E-4 1.998001998002003E-4 4.242948063172776E-4 8.732840193514347E-4 
0.8869096944441124 0.11078102425103585 4.513486728199742E-4 0.0014065839592114534 4.513486728199742E-4 
0.9981521657006541 4.079914516076805E-4 1.9212295869356372E-4 6.238599445217984E-4 6.238599445217981E-4 
0.8660131211824144 0.1318636938725922 0.001824900082950004 1.4914243102162592E-4 1.4914243102162592E-4 
0.8469806480040372 2.686395326524952E-4 0.048026778670873904 0.1038867449843294 8.371888081075128E-4 
0.7447580896796222 0.25508322214264695 5.289605924358628E-5 5.289605924358628E-5 5.289605924358628E-5 
0.9474544867327334 0.01288140202961125 0.038379030750140236 9.825086266977198E-4 3.0257186081694373E-4 
0.6645467846521511 0.22583623756982107 1.0615323697165597E-4 0.10934850557023668 1.6231897081909298E-4 
0.9992847368736686 4.2414231119397783E-4 9.704027171276071E-5 9.704027171276071E-5 9.704027171276071E-5 
0.5326276936438147 0.4664061227813061 3.220611916264086E-4 3.220611916264086E-4 3.220611916264086E-4 
0.998264642082431 4.338394793926253E-4 4.338394793926253E-4 4.338394793926253E-4 4.338394793926253E-4 
0.4432324678523397 0.5517468800334545 3.154076644062454E-5 0.0023350798885087083 0.002654031459256598 
0.9004580581142435 0.015814531567921893 0.06613076206035944 0.008998787198428369 0.00859786105904639 
0.749710274356684 0.13578267461421842 3.6968576709796677E-4 0.11335230222849896 7.850630335001758E-4 
0.8085058229156462 0.014593376043625086 1.5860428231562234E-4 0.1594757148330644 0.01726648192534906 
0.9980049875311736 4.987531172069828E-4 4.987531172069828E-4 4.987531172069828E-4 4.987531172069828E-4 
0.5980738362760836 0.04979718349951369 1.4074595355383548E-4 0.35074049767136606 0.0012477365994828754 
0.9991019113925282 1.752848378615248E-4 1.752848378615248E-4 1.752848378615248E-4 3.722340938857104E-4 
0.9985787529804125 2.773925104022186E-4 2.773925104022186E-4 5.890694883822424E-4 2.773925104022186E-4 
1.1357183418512197E-4 0.9994181038608065 1.1357183418512197E-4 1.1357183418512197E-4 2.4118063664031538E-4 
0.8267525823268467 0.1590713337434835 0.0058047037744606055 0.007099914731945286 0.0012714654232641447 
0.998180935980744 1.6934801016088057E-4 3.59626673262995E-4 0.0011207413256714468 1.6934801016088057E-4 
0.9985212569316094 3.6968576709796677E-4 3.6968576709796677E-4 3.6968576709796677E-4 3.6968576709796677E-4 
0.9951539376193407 0.004406849246094914 1.464043781880708E-4 2.2386701215001346E-4 6.894174422612894E-5 
0.6532132790878595 0.34432016732773013 9.922330344730847E-4 9.922330344730845E-4 4.820875154637874E-4 
0.8799093690676542 0.01080687291609038 2.0651689616507855E-4 0.10887072422392516 2.0651689616507857E-4 
0.8258975372725071 2.2701475595913697E-4 4.820875154637876E-4 0.0764937698478491 0.09689959060822094 
0.920654029829369 0.0615048867546898 0.005268573625470683 0.012505418210464032 6.709158000670929E-5 
0.985514170279278 0.005833259606594127 0.001704562210622555 0.0052434456928839015 0.0017045622106225487 
0.9119648955245397 5.346164127238706E-5 5.346164127238706E-5 0.07568065980075026 0.012247521392165178 
0.8264402601547285 0.16680936292905174 0.001516468762724363 0.005038021767599513 1.9588638589618031E-4 
0.8099354040483968 0.1892963501129353 2.5608194622279165E-4 2.5608194622279165E-4 2.5608194622279165E-4 
0.753947162394916 0.10257492886414811 0.040698886123244564 0.03465166379603584 0.06812735882165549 
0.996893791018107 0.002265516727943284 2.0387359836901095E-4 4.3294505721059787E-4 2.0387359836901095E-4 
0.6022502236576751 0.3942106779481119 8.764348208464115E-4 0.002392758040303872 2.699055330634276E-4 
0.9914752687367262 0.00390872774560525 5.40747878640459E-4 0.003534507760386937 5.40747878640459E-4 
0.9926847087957298 4.4451622330403374E-4 0.004136000430673164 1.3689253935660528E-4 0.0025978820109360274 
0.9265972640738376 1.4695077149155057E-4 1.4695077149155057E-4 0.0699898455365767 0.003118988846601557 
0.9873583817731317 0.008692670915862809 0.0024591313562623623 0.0012124234443422835 2.773925104022186E-4 
0.6504160291175116 0.3480140155184747 5.23318454671387E-4 8.854765547899957E-4 1.6116035455278E-4 
0.6099540826919999 0.38938762172851943 6.058770069675848E-5 1.9673983709396866E-4 4.009680416897839E-4 
0.4905944763152403 0.11601465496764504 2.7208142288507133E-4 0.32086749346788634 0.07225129382634295 
0.7700004792911967 0.06366219556450245 0.00395620647864758 0.16225924176132672 1.2187690432663025E-4 
0.6622938822054361 0.3374411750522652 5.0492299924261625E-5 5.0492299924261625E-5 1.6395814245069213E-4 
0.9983774186077513 2.652836359297903E-4 4.0564534806195604E-4 1.2492192379762654E-4 8.267304844584497E-4 
0.7550379099296611 0.24296023698599764 4.932858317347224E-4 4.932858317347224E-4 0.0010152814208719944 
0.9241707085232408 0.07062809232494097 0.0038460601038290015 4.338394793926253E-4 9.21299568597823E-4 
0.9975985074836237 0.0016524288459650147 2.4968789013732806E-4 2.4968789013732806E-4 2.4968789013732806E-4 
0.9980126599382592 1.8501387604070305E-4 3.928946356369986E-4 0.0010165369144258894 3.928946356369986E-4 
0.668642747394884 0.33067299617367263 1.0207140137553346E-4 4.8065368901706344E-5 5.341196611661532E-4 
0.5692943412108302 0.003542960629519571 2.2701475595913697E-4 0.42084199517912463 0.006093688224566059 
0.6428991447986435 0.3557174053605631 2.1715526601520085E-4 2.1715526601520085E-4 9.491393087630698E-4 
0.18478978640596103 0.7756700971922633 1.3521779723769386E-4 0.0019953568068567587 0.03740954179768127 
0.9937477439279424 0.005602507319700459 2.1658291745211406E-4 3.3117705367016374E-4 1.0198878123406431E-4 
0.35869570099334563 1.3324450366422412E-4 2.829574291296434E-4 1.3324450366422412E-4 0.6407548525701968 
0.3644598377263573 0.6341710727755316 5.374899220639618E-5 1.1414111828099855E-4 0.0012011993876238395 
0.8680779460457037 0.09621668566465831 6.83927699071812E-4 0.033975646384048985 0.0010457942065172146 
0.9853666903201288 0.0073913145832002125 1.9438437660795885E-4 0.004768134414442287 0.0022794763056206676 
0.8121088796484706 0.1591848771712525 0.023527677017900827 0.004653631779173676 5.249343832020997E-4 
0.9613678258058295 0.03469930633149749 0.003163763619554314 6.681451315587999E-4 1.0095911155981815E-4 
0.9456513706222879 0.0527966716391356 2.436053593179052E-4 5.173192461919557E-4 7.910331330660053E-4 
0.5133638705409495 1.7841213202497743E-4 3.7887520171596363E-4 3.7887520171596336E-4 0.48569996692359335 
0.9943708025453198 0.0018881533603680126 9.264453669717425E-4 6.058760358396518E-4 0.0022087226915001017 
0.4788592598918118 0.5194545257481057 4.525912326049624E-4 1.898387027907602E-4 0.0010437844246869118 
0.7129418186780693 0.28564193543495725 8.764348208464114E-4 2.699055330634276E-4 2.699055330634276E-4 
0.9993850883935428 1.537279016141433E-4 1.537279016141433E-4 1.537279016141433E-4 1.537279016141433E-4 
0.29349959071904963 0.7004313050372758 1.3875174816190585E-4 0.005204291760421979 7.260607350906114E-4 
0.5455897101981487 0.4514681421636855 5.492996429552321E-5 0.0027088495875623743 1.7836808630793558E-4 
0.5246961706030727 0.4690303552649268 1.4074595355383548E-4 7.733120369418587E-4 0.005359416141505037 
0.5025587266901919 0.4942904811823592 0.0011486955366238956 0.0017392845014690868 2.628120893561104E-4 
0.8235749770764621 0.17240964020309565 7.910331330660057E-4 0.0027070303411843703 5.173192461919541E-4 
0.9986737889114039 3.315527721495679E-4 3.315527721495675E-4 3.315527721495678E-4 3.315527721495676E-4 
0.014523343795963541 0.9819375578098237 0.0023927580403038766 2.699055330634276E-4 8.764348208464115E-4 
0.985433083717986 0.008081269708622519 2.467862295895381E-4 0.006122648838864281 1.1621150493898905E-4 
0.9623836837319983 0.02175128242543973 1.998001998002003E-4 1.998001998002003E-4 0.015465433442961533 
0.8563224540752633 0.1401541723639103 0.003156107775333735 2.496878901373285E-4 1.175778953556733E-4 
0.9848398457152453 0.0021130303538487343 0.007703057744982939 0.004349041310302412 9.950248756218914E-4 
0.7411011286104379 0.25675899992226847 4.46328944432046E-5 0.0019503070392092436 1.4493153364141727E-4 
0.9993062530803747 1.1104941699056088E-4 1.1104941699056088E-4 3.605986686547429E-4 1.1104941699056088E-4 
0.885054192145354 0.11104771481018125 0.0018449882495995488 0.0016111494346946619 4.419553601702344E-4 
0.7319697683285117 0.0012962838368207376 3.9920159680638693E-4 0.2645899212810334 0.0017448249568279206 
0.9383932985076631 0.05688519552699421 0.0026426538764713027 0.001841039960453718 2.3781212841854954E-4 
0.9985110636244557 1.752848378615248E-4 1.752848378615248E-4 9.630818619582677E-4 1.752848378615248E-4 
0.9954494794805554 3.120639978865513E-4 1.4695077149155057E-4 6.422904506765519E-4 0.003449215299391553 
0.7082223028806542 0.2601087829084194 4.715868898844611E-5 0.03120368579596182 4.180697259762251E-4 
0.8109492122364386 0.16047935919213313 0.007757639981922735 0.020224719101123625 5.890694883822429E-4 
0.9214479934893285 1.1229646266142612E-4 8.693512671204775E-4 0.07733188651748484 2.3847226340460254E-4 
0.9982878544676315 4.932858317347225E-4 4.932858317347224E-4 4.932858317347226E-4 2.322880371660865E-4 
0.999182226915181 6.67810575446025E-4 4.9987503124218964E-5 4.9987503124218964E-5 4.9987503124218964E-5 
0.9971668067976265 9.630818619582667E-4 4.5351473922902513E-4 9.630818619582667E-4 4.5351473922902513E-4 
0.9555193011078076 6.824022664877328E-4 0.0010332517608258997 0.042608916839898606 1.5612802498048435E-4 
0.6358903614343205 0.11852267645967525 1.6934801016088057E-4 0.24429687277017212 0.0011207413256714464 
0.9972934545640131 0.0011505734638969309 1.297858533419859E-4 0.0012964002654047798 1.297858533419859E-4 
0.6410588459341078 0.3574036023213626 1.7841213202497743E-4 0.0011807274804799082 1.7841213202497743E-4 
0.7190220510400591 0.2792766136540448 2.2701475595913697E-4 0.0012473057939777336 2.2701475595913697E-4 
0.8134912348765484 0.18567981198012554 5.6621663927955615E-5 3.562071873562928E-4 4.1612429204195976E-4 
0.9916750768126664 0.005333153916885337 8.477427168135614E-4 8.477427168135637E-4 0.0012962838368207373 
0.9915656090679609 0.004583477701331489 0.002273589730898058 0.0012836377435694365 2.9368575624082204E-4 
0.9989116743084607 1.2812299807815492E-4 4.160398476919866E-4 2.720814228850714E-4 2.720814228850709E-4 
0.9853237793794599 0.006862284106141545 6.863687723262853E-4 0.00602011383334855 0.0011074539087227743 
0.5322382648225344 5.318904195308687E-4 0.08519264923759308 0.3697264169174282 0.012310778602913424 
0.8292134831460676 0.16671143992210863 0.0018321500401537896 0.001547875402426283 6.95051489243761E-4 
0.002873832897960104 0.9967071742367423 6.576783952647142E-5 6.576783952647142E-5 2.874571862449141E-4 
0.929249728162377 0.06474762945901395 0.005118731658267963 6.757941750751204E-4 2.0811654526534833E-4 
0.9990487514863272 2.3781212841854954E-4 2.3781212841854954E-4 2.3781212841854954E-4 2.3781212841854954E-4 
0.7856974507163876 0.21174775399006324 2.0419465156991043E-4 0.0021988981887566946 1.5170245322289002E-4 
0.976943259428389 0.019984377816499407 7.570750465661244E-4 0.001958781469686957 3.565062388591794E-4 
0.9987879144095149 5.812263876780005E-5 9.071050027918441E-4 1.234289744619573E-4 1.234289744619574E-4 
0.859450915713157 0.13627232015027102 4.32945057210598E-4 0.003639945480992785 2.0387359836901095E-4 
0.752042263398214 0.24556717418067908 9.00746466362264E-4 9.00746466362264E-4 5.890694883822424E-4 
0.9983061857902463 6.239523935551644E-4 7.843514664485245E-4 1.4275517487508931E-4 1.4275517487508931E-4 
0.8988430453835543 0.07851218365706833 5.731701769549195E-4 0.015433137727638047 0.006638463054784756 
0.9967962861406205 2.2701475595913697E-4 2.2701475595913697E-4 0.0025226695915009697 2.2701475595913697E-4 
0.990245673084856 0.006563381675988715 0.0012836377435694365 0.0012836377435694365 6.236697520170269E-4 
0.9743648226738215 0.024636841219690005 3.3277870216306195E-4 3.3277870216306195E-4 3.3277870216306195E-4 
0.926660989844027 0.0689069347234626 3.6968576709796677E-4 0.002861949365511226 0.0012004402999023851 
0.8591760299625472 0.003625259366558346 0.13490715003458223 0.00205927259914653 2.322880371660865E-4 
0.9948380745833619 0.0038283767467257395 1.3689253935660528E-4 7.521399072514584E-4 4.445162233040334E-4 
0.5210827963604571 0.4781249662705478 1.9212295869356372E-4 4.079914516076814E-4 1.9212295869356372E-4 
0.9991498405951103 2.125398512221043E-4 2.125398512221043E-4 2.125398512221043E-4 2.125398512221043E-4 
0.9898741877182412 4.5505325526849896E-4 1.0411244143675169E-4 0.00466634302124948 0.004900303563803974 
0.8076995716377671 0.1789787734880728 2.436053593179052E-4 0.012013302494902097 0.0010647470199400544 
0.9153687648225187 0.0443986539317203 0.0019776317665202215 0.030920691695933714 0.00733425778330722 
0.8600842883770372 0.13801884885731605 1.3324450366422412E-4 4.3267035459506475E-4 0.0013309479073875849 
0.7348919232125763 0.2549345349063191 1.2812299807815492E-4 8.479151221127347E-4 0.009197503760913847 
0.7331801360071608 0.003978677069833937 2.3781212841854954E-4 0.2615639487501504 0.0010394260444361305 
0.9041406286524647 0.07102806651186722 2.773925104022186E-4 2.773925104022186E-4 0.024276519814863878 
0.9781653320607195 0.014582178273410535 1.2492192379762654E-4 0.001949624181515763 0.005177943560555562 
0.9888437787306056 1.448225923244025E-4 0.010559031478573578 1.448225923244025E-4 3.0754460617204597E-4 
0.7962187445603046 0.20303219176928386 5.491636204369728E-4 9.995002498750638E-5 9.995002498750638E-5 
0.976565949454678 5.865102639296195E-4 5.865102639296195E-4 5.865102639296195E-4 0.021674519753533877 
0.728695103018183 0.26943311492952293 1.5612802498048435E-4 0.0010332517608258986 6.824022664877326E-4 
0.9033015819127891 0.09530518577518954 7.690851281917345E-4 1.1621150493898905E-4 5.079356788906371E-4 
0.8029305473421381 0.11646805129951196 7.036658722051973E-4 2.2579431213375583E-4 0.0796719411740109 
0.9237549731915482 0.003073818841581982 0.004538316966210773 3.0754460617204657E-4 0.06832534639448701 
0.9282177832251826 0.016879757654263795 3.1891911834030915E-4 1.549504199648283E-4 0.05442858958224872 
0.4124786843887967 0.5834707654932375 4.158004158004158E-4 8.829918942278493E-4 0.0027517578079375832 
0.7483078022267773 0.1658413357262543 0.08537794826867626 3.2151332409053473E-4 1.5140045420136296E-4 
0.9047480485019357 0.003987049063544777 4.4401056880844566E-4 0.09060303269018387 2.1785917552740318E-4 
0.6216929976049862 0.2060834772473687 1.2650221378874123E-4 0.16955418629938385 0.0025428366344725614 
0.9981715096375027 0.001368412237881075 8.76808417360807E-5 1.861986414395419E-4 1.8619864143954172E-4 
0.999277727925833 9.799118079372858E-5 9.799118079372858E-5 2.080936311237611E-4 3.181960814537934E-4 
0.8660484375336964 0.103469990726563 0.0012465224611270438 0.007285039573853234 0.021950009704759636 
0.9961547514339173 0.0034595674921232707 7.350238882763697E-5 7.350238882763697E-5 2.3867629630547213E-4 
0.9966914321267816 0.0024131073942588064 2.1715526601520085E-4 4.6114994693115594E-4 2.1715526601520085E-4 
0.9584809645382716 7.689350249903871E-5 0.0018048373788819324 0.0393876166902099 2.496878901373294E-4 
0.8927250292160952 1.1621150493898905E-4 0.0023359818239983257 0.10470656595002908 1.1621150493898905E-4 
0.7781113210850759 0.22096251260346925 5.904763054779041E-4 2.2822090334422032E-4 1.0746910263299303E-4 
0.9868910575190291 0.0011600311179824543 7.661326059340827E-4 0.0011600311179824532 0.010022747639070795 
0.8381479493302233 0.15584596684128363 0.004799190468257356 6.034466801177291E-4 6.034466801177281E-4 
0.9698058859036948 0.024121826981118092 4.0030075506465145E-4 0.004636287581145618 0.0010356987789767972 
0.5502494197754563 0.16820062387848841 7.809449433814926E-5 0.2813937673573788 7.809449433814926E-5 
0.5623008210669862 0.43693483604443956 4.4577118988821244E-4 1.0198878123406431E-4 2.1658291745211406E-4 
0.810160937233848 0.18937599757742465 1.1229646266142612E-4 1.1229646266142612E-4 2.384722634046021E-4 
0.9796444265850635 0.01534086518399455 4.0080573286143404E-4 8.129453039271762E-4 0.0038009571941538017 
0.9980507984364313 0.0010131641220704998 3.1201248049922046E-4 3.1201248049922046E-4 3.1201248049922046E-4 
0.9957609456352043 1.3689253935660528E-4 0.0013673872751463118 0.0015211991171200315 0.0012135754331725978 
0.9315193630974159 0.001512303413314737 0.06649541971097828 3.2151332409053495E-4 1.5140045420136296E-4 
0.7347096443283272 0.2621904502396257 6.058760358396527E-4 0.002208722691500101 2.8530670470756117E-4 
0.998335840609233 5.599982724989029E-4 1.2812299807815492E-4 1.2812299807815492E-4 8.479151221127347E-4 
0.9975968984190665 1.8501387604070305E-4 3.928946356369986E-4 3.928946356369986E-4 0.0014322984336184801 
0.8817181334576758 0.11791385266408957 8.924587237840232E-5 8.924587237840232E-5 1.8952213347773108E-4 
0.8516966235983134 0.14362369377109196 7.737704181617043E-4 0.0033567485919961363 5.491636204369728E-4 
0.9694700043260182 0.029437968408376085 2.0811654526534833E-4 4.419553601702344E-4 4.419553601702344E-4 
0.9941040661300699 0.0016097927550272034 5.233184546713877E-4 8.854765547899943E-4 0.0028773461054423296 
0.9862828690292907 0.006073312149900073 5.512684321607581E-4 0.004388620846183002 0.00270392954246592 
0.8981634402779658 0.057647819743393065 8.924587237840232E-5 0.043709419450586366 3.900746556763881E-4 
0.9839100362480852 0.0037846426091010317 1.6934801016088057E-4 5.49905336365105E-4 0.01158606779628766 
0.9761514616504896 0.01967146425404162 1.448225923244025E-4 1.448225923244025E-4 0.0038874289108201993 
0.6746415973321939 0.32323521772281294 1.4914243102162592E-4 0.0018249000829500042 1.4914243102162592E-4 
0.882182206739393 0.017215380337896425 0.0014054484296376218 0.09877282218187981 4.2414231119397843E-4 
0.9810003701536727 0.0016453927808093235 2.125398512221043E-4 0.016690348541475098 4.513486728199742E-4 
0.6591635615531799 0.062406307096922686 0.12570746234300603 2.5608194622279165E-4 0.15246658706066857 
0.9988210434389363 2.947391402662016E-4 1.387925052047188E-4 1.387925052047188E-4 6.06632410389164E-4 
0.9964911585385986 1.175778953556733E-4 7.781278692639485E-4 0.0024955578014254774 1.175778953556733E-4 
0.9990046203218278 4.3851330334043976E-4 1.3504388926401098E-4 2.8677859630222533E-4 1.3504388926401098E-4 
0.5791484760979349 0.368936210978664 5.173192461919541E-4 2.436053593179052E-4 0.051154388317891326 
0.9950703200271731 0.00289597903915603 4.006404702326899E-4 0.0013710499137028743 2.6201054973695075E-4 
0.9961076691518796 0.00132311246455949 6.230529595015586E-4 6.230529595015586E-4 0.0013231124645594898 
0.9976498984928283 0.0011020778564679193 7.278578712496132E-4 3.536378860313036E-4 1.6652789342214838E-4 
0.9710802795423282 5.407478786404588E-4 5.40747878640459E-4 0.02767169680696792 1.6652789342214838E-4 
0.994753888600102 7.117437722419933E-4 7.117437722419933E-4 0.00151145587588468 0.0023111679795273683 
0.6728792757541586 0.3219877812951463 1.711886743746864E-4 0.004881141620133244 8.061265618702127E-5 
0.9905254979793564 0.0023359818239983257 0.005469775215611521 0.0014219587514444816 2.4678622958953795E-4 
0.9003051181993503 0.09866816358681382 1.6116035455278E-4 1.6116035455278E-4 7.043975047306933E-4 
0.9988492136585733 1.5612802498048435E-4 1.5612802498048435E-4 1.5612802498048435E-4 6.824022664877337E-4 
0.9897773779163761 0.00512619310148888 6.615751983710914E-4 0.004043861488611856 3.90992295151831E-4 
0.7183558029040841 0.2370554920028914 1.2492192379762654E-4 0.00321287959070526 0.04125090357852187 
0.9991467784337017 1.6652789342214838E-4 1.6652789342214838E-4 3.536378860313036E-4 1.6652789342214838E-4 
0.7991885403553767 0.052870292808707996 0.11623340462073396 0.03106289982170352 6.448623934783728E-4 
0.6593945555575037 3.1201248049922046E-4 0.05500184052305915 0.28497957895843923 3.1201248049922046E-4 
0.9931427369454323 0.0010131641220705045 0.0013637399428561429 0.0020648915844274232 0.002415467405213067 
0.9985839026864824 1.9212295869356372E-4 1.9212295869356372E-4 6.238599445217984E-4 4.079914516076807E-4 
0.9068437180796736 5.262837467614616E-4 3.9099229515183136E-4 0.09211859648648098 1.2040939193257098E-4 
0.9988303679383207 9.004952723998193E-5 2.9240801541971734E-4 6.971249917791868E-4 9.004952723998193E-5 
0.950045570875472 4.214394563576846E-4 7.13093059373383E-4 0.006691991921195198 0.042127904687602524 
0.5089015372994985 0.39590935319930454 1.10806722785735E-4 0.09481413034934795 2.64172429063568E-4 
0.5250065858044418 0.10420231591244901 2.0387359836901095E-4 0.32708884536531146 0.04349837931942872 
0.837375366438265 1.5860428231562234E-4 1.5860428231562234E-4 5.15018399878819E-4 0.1617924065972251 
0.7709587753983479 0.22730036931187936 7.542836263033585E-4 7.542836263033584E-4 2.322880371660865E-4 
0.9412507507727468 0.05653526312448425 3.7990321745796815E-4 6.728877039294097E-4 0.0011611951813818115 
0.7048249193917185 0.27865747413877945 0.014574903472668418 0.0018396633265605042 1.0303967027305504E-4 
0.9965952248422475 0.0014669300375845396 8.76808417360807E-5 8.76808417360807E-5 0.0017624834366949222 
0.9990708478513375 2.322880371660865E-4 2.322880371660865E-4 2.322880371660865E-4 2.322880371660865E-4 
0.9138835456414229 1.4695077149155057E-4 0.03052778442817163 0.054964541934631767 4.7717722428155173E-4 
0.9097628847555803 0.06007392299640596 1.0722522118747691E-4 0.02943814551426975 6.178215125564122E-4 
0.8527483550292316 0.14385765295046743 0.0020795125347146865 0.001181234981922165 1.3324450366422412E-4 
0.8438958782818237 0.013948275378968263 0.1075345344503909 0.03132057496707682 0.003300736921740594 
0.9994827263497613 1.0095911155981815E-4 2.1439631555961395E-4 1.0095911155981815E-4 1.0095911155981815E-4 
0.9031839705413885 0.09641972042395344 9.610764055742444E-5 9.610764055742444E-5 2.0409375354329447E-4 
0.9939904857860693 4.820875154637865E-4 0.0012473057939777334 0.002777742351005619 0.0015023785534823775 
0.9980726179562078 8.371888081075095E-4 2.6863953265249534E-4 5.529141703800052E-4 2.6863953265249545E-4 
0.7153617150159932 0.2827663645295453 0.001165702635019833 5.747253802569284E-4 1.3149243918474674E-4 
0.9691576920087397 0.0018810076950314782 0.003608287488448818 0.004644655364499228 0.020708357443280458 
0.8950222550982672 0.06909665982221429 2.2701475595913697E-4 7.371602749684365E-4 0.03491691004859136 
0.8578996625469948 0.06929712442977932 6.299835819219309E-4 0.002341314194952644 0.0698319152463514 
0.904941169131923 0.09261514709666349 7.625790454506461E-4 0.0010744723155736112 6.066324103891641E-4 
0.4082136285466461 0.1301475565182077 0.31886747990714415 0.13686606601186266 0.00590526901613945 
0.995192273965555 2.0811654526534833E-4 0.0016111494346946588 0.0025465046943142057 4.419553601702341E-4 
0.9969772568376581 0.0021310492112672857 6.800408024481454E-5 6.800408024481454E-5 7.556857905856372E-4 
0.9468103601876798 2.0409375354329447E-4 6.360382054867745E-4 2.0409375354329447E-4 0.052145414099746774 
0.9971168115327528 7.207971168115329E-4 4.713863497487191E-4 0.0012196186509371568 4.7138634974871937E-4 
0.5974734026674949 0.30923115499886555 2.125398512221043E-4 0.06158640700187458 0.031496495480543035 
0.9987590638152753 3.269492426344487E-4 3.269492426344487E-4 5.275316000788951E-4 5.950609937518599E-5 
0.9983599814583904 6.38510403541187E-4 1.1621150493898905E-4 3.7736095424008797E-4 5.079356788906373E-4 
0.9590299585666691 2.125398512221043E-4 2.125398512221043E-4 0.011197745644724099 0.029347216086162226 
0.8612083488667308 0.011598374774077541 8.399832003359945E-5 0.12513767702174045 0.0019716010174178618 
0.9315057224373082 2.467862295895379E-4 2.4678622958953844E-4 0.067623344149273 3.7736095424008797E-4 
0.9915550401855314 0.004710304290455433 7.117437722419933E-4 0.002311167979527357 7.117437722419933E-4 
0.9974445907702669 0.0010591498781137062 4.987531172069828E-4 4.987531172069828E-4 4.987531172069828E-4 
0.7166071755251038 0.12907010878582764 7.572889057175321E-5 0.1529800169326396 0.001266969865857757 
0.6906252505469085 0.1926238990253011 4.32945057210598E-4 0.1147396030191619 0.0015783023514185281 
0.8354384482509666 9.51927653498332E-5 2.021509286642527E-4 0.1633133499831541 9.508580718651894E-4 
0.9973104485534826 5.249343832020997E-4 5.249343832020997E-4 5.249343832020997E-4 0.0011147482969123242 
0.9991904682573478 3.566382219918677E-4 1.0982976386600756E-4 2.3323399292893757E-4 1.0982976386600756E-4 
0.996557494621085 3.928946356369986E-4 1.8501387604070305E-4 0.0016401791932147713 0.0012244176740221849 
0.9971867771394456 0.002486083193311016 7.93335977786591E-5 1.6847247168726503E-4 7.93335977786591E-5 
0.8747575870532368 0.12488708373473273 1.8298970319844716E-4 8.616975441620001E-5 8.616975441620001E-5 
0.9993553585817899 1.6116035455278E-4 1.6116035455278E-4 1.6116035455278E-4 1.6116035455278E-4 
0.965633394846878 0.0018173748510827163 4.158004158004158E-4 0.0018173748510827163 0.030316055035156143 
0.9969990709740744 6.625883012848578E-4 6.625883012848601E-4 3.1201248049922046E-4 0.001363739942856143 
0.998608618833337 1.638001638001635E-4 7.159355473962211E-4 3.4784529166551607E-4 1.638001638001635E-4 
0.9937354130265645 0.0015023785534823775 0.0022675968319963175 7.371602749684374E-4 0.0017574513129870269 
0.9968725089936178 4.0064047023269026E-4 6.7790031122417E-4 2.6201054973694994E-4 0.0017869396751901058 
0.868736400498896 0.12924749877165792 9.610764055742444E-5 2.0409375354329447E-4 0.0017158993353454746 
0.8898484126761754 0.007223514248087643 0.005542323965367482 0.002740340160833872 0.09464540894953624 
0.5241788031183982 0.0022023219727420585 3.3277870216306195E-4 0.2482342163809377 0.22505187982575817 
0.997804779178663 3.928946356369986E-4 3.928946356369986E-4 1.8501387604070305E-4 0.0012244176740221857 
0.99909201230025 6.99056274030058E-5 2.2699692493785128E-4 4.626338712401178E-4 1.4845127617042883E-4 
0.958676775744049 5.025363864789295E-4 6.491398896462179E-5 1.378510552170059E-4 0.040617922825290205 
0.6079646845682111 0.0011720776735363917 1.5140045420136296E-4 4.916261939797043E-4 0.3902202111100716 
0.8551038134999586 0.13947714982207385 4.987531172069828E-4 0.004421530443554038 4.987531172069828E-4 
0.9951117614038957 0.0018202063145883335 7.159355473962233E-4 0.0016361611867229812 7.159355473962225E-4 
0.9570981238323304 0.03436395372295168 1.5612802498048435E-4 0.00787481690042011 5.069775193186484E-4 
0.9897129690422815 0.0013123066949114076 7.350238882763697E-5 2.386762963054721E-4 0.008662545577675096 
0.8204976394590014 0.123010047430917 1.9588638589618031E-4 0.02616733979685041 0.03012908692733491 
0.9984745475768295 3.3681134109722074E-4 3.3681134109722063E-4 6.932254586604173E-4 1.5860428231562234E-4 
0.7373178402161551 2.628120893561104E-4 2.628120893561104E-4 0.03274520515584163 0.2294113304492909 
0.9917899277201734 0.003974708876704406 0.0013027273297361534 0.0027750436923513135 1.575923810354745E-4 
0.7911001255370411 1.387925052047188E-4 2.947391402662012E-4 0.1649743857651911 0.04349195705229672 
0.9335607175360854 0.004574335071319823 0.05645876038751715 0.004914560811098167 4.916261939797056E-4 
0.9384845759089891 0.012051224724300565 0.0157948099350592 0.028897358172714473 0.00477203125893652 
0.9975040686807527 4.10776851516251E-4 0.001405738083562527 2.6863953265249507E-4 4.1077685151625097E-4 
0.9931090048781924 0.0017471641543246987 8.69187309865275E-5 0.0032120865866819078 0.0018448256498151824 
0.8715207294521177 0.03965724539057304 0.011460552093696012 0.07725283645307564 1.086366105377511E-4 
0.8676084536294659 0.0012891878490770754 1.6652789342214838E-4 0.1305821927420034 3.536378860313036E-4 
0.9947734772675666 2.3781212841854954E-4 0.001039426044436129 0.002108244599126244 0.0018410399604537183 
0.9779668189551685 0.018635621691179657 1.537279016141433E-4 0.0030901035504236167 1.537279016141433E-4 
0.9997546764796074 6.133088009812929E-5 6.133088009812929E-5 6.133088009812929E-5 6.133088009812929E-5 
0.999455226421517 1.0632642211589582E-4 1.0632642211589582E-4 2.2579431213375588E-4 1.0632642211589582E-4 
0.9899723778186186 0.008999768898084055 4.1598344870087754E-4 4.1598344870087694E-4 1.9588638589618031E-4 
0.7473042728703301 0.00899878719842836 1.7841213202497743E-4 0.04508213974280598 0.19843638805641023 
0.955459686852752 0.04377694071522347 6.367398917542176E-5 2.067616052999656E-4 4.929368375490522E-4 
0.9831484395385428 4.570289952478478E-4 2.988874744008415E-4 0.015954898038254443 1.4074595355383548E-4 
0.877668306870632 0.11342996031524644 6.620324395895393E-5 0.008397397989355421 4.3813158080700923E-4 
0.88348860901534 0.10715941472633589 0.0070545851850758335 0.0014439900190464914 8.534010542013E-4 
0.9975471592290014 3.3277870216306195E-4 7.066873562788612E-4 0.00108059601039466 3.3277870216306195E-4 
0.9864929730504232 0.011675363287919838 0.0014065839592114534 2.125398512221043E-4 2.125398512221043E-4 
0.4548420899578338 0.005303611449543496 0.25268514758158717 0.2659216140466986 0.021247536964336726 
0.920972365164287 0.07125858006787505 3.2151332409053484E-4 0.0072961409895465675 1.5140045420136296E-4 
0.9981097757908494 6.425402437573321E-4 3.0257186081694373E-4 6.425402437573321E-4 3.0257186081694373E-4 
0.6547257105089236 0.0019218058874370819 9.04977375565609E-4 9.04977375565609E-4 0.3415425288525086 
0.9751294228764402 0.023325521923923405 1.5860428231562234E-4 0.001049639576223614 3.368113410972205E-4 
0.9982085884707601 1.175778953556733E-4 1.175778953556733E-4 5.139078797006382E-4 0.001042347858827259 
0.9932387014543761 2.8677859630222533E-4 1.3504388926401098E-4 0.0030180033229900804 0.003321472737066507 
0.823151742750364 3.4897270405544846E-4 4.697245047666763E-4 0.014718436988691635 0.16131112305212253 
0.7296371981275588 7.69085128191737E-4 1.1621150493898905E-4 1.1621150493898905E-4 0.269361293734372 
0.9648578811369507 0.012559881543419547 0.003075612848280735 0.015076116095191066 0.0044305083761577106 
0.9700661254771232 0.0018983447723837947 1.0632642211589582E-4 3.452622021516157E-4 0.027583941126223817 
0.7274735309023008 8.126777732629023E-5 8.126777732629023E-5 8.126777732629023E-5 0.27228266576572063 
0.9986610742022076 3.857575850350548E-4 1.8165304268846468E-4 3.8575758503505493E-4 3.857575850350549E-4 
0.9804014672045605 1.086366105377511E-4 2.30700217883539E-4 1.086366105377511E-4 0.01915055935648074 
0.9733381401590266 3.565062388591794E-4 3.565062388591794E-4 3.565062388591794E-4 0.025592341124396626 
0.9860748227395167 0.012889390654026995 3.452622021516161E-4 1.0632642211589582E-4 5.841979821873372E-4 
0.9984190315070852 2.829574291296441E-4 1.3324450366422412E-4 1.3324450366422412E-4 0.001031522056456745 
0.9928572969009467 0.002540490413854081 3.838771593090214E-4 8.151998102180331E-4 0.00340313571567212 
0.9921161670835055 0.001411026914031875 6.64451827242526E-4 0.001411026914031877 0.004397327261189286 
0.9059676353324951 0.07375363338521349 6.950514892437599E-4 0.016756568520848027 0.0028271112722000695 
0.9988098500567689 2.322880371660865E-4 2.322880371660865E-4 2.322880371660865E-4 4.932858317347224E-4 
0.9929964844557786 1.752848378615248E-4 5.691833499098957E-4 1.752848378615248E-4 0.0060837625185870695 
0.9994181038608065 1.1357183418512197E-4 2.4118063664031625E-4 1.1357183418512197E-4 1.1357183418512197E-4 
0.8700034414263204 1.0746910263299303E-4 1.0746910263299303E-4 0.12967415126578077 1.0746910263299303E-4 
