4.77885817354074E-5 1.058695912217252E-4 0.06556016458187727 2.1598804885604353E-4 0.002481750260113074 9.202089600628173E-5 4.71756036662057E-5 7.771846927140627E-5 8.763291605710545E-5 5.87822675460337E-5 1.3181856125908174E-4 1.5627485220416284E-5 2.043027265361389E-4 4.654376650731412E-5 6.595224191005227E-5 0.0044341896899715875 1.3344227802401478E-4 6.42911756999131E-4 4.666439883974892E-5 1.4317304175128425E-4 1.5158092039816988E-4 0.08075813389211314 0.8440326618931999 3.274608959628054E-4 9.064523495651413E-5 
4.326537077807198E-6 2.6151399194634535E-6 9.015053411513764E-5 2.0800255511590595E-5 2.7800105065697172E-5 3.2049461807237187E-6 2.07057624485132E-6 2.0608192849336458E-6 8.715120489648384E-7 6.661275403394198E-6 0.004285875079047392 8.715120489648384E-7 9.560143659457373E-6 2.032237149969678E-6 2.635367903095188E-6 8.01398023261688E-6 8.715120489648384E-7 8.715120489648384E-7 8.715120489648384E-7 2.5459440908637838E-5 0.09399321241249037 0.3418330781671392 5.0137434050033235E-6 1.461720636057414E-6 0.5596696099583798 
4.3758869909543405E-6 1.4210456313760478E-6 0.1551914735221474 0.0010253253754791273 6.557407546490901E-5 2.9914272574032605E-5 4.157325071179632E-6 0.020238222459040084 0.00812069898791437 2.8927139447490274E-5 7.349822693799989E-6 1.4210456313760478E-6 1.4210456313760478E-6 0.03260857738567415 0.0010869581557578366 0.013008510890810343 7.161604302238107E-6 0.7185190778485495 1.4210456313760478E-6 2.752424974817419E-5 7.278749202983543E-6 0.04600790224366015 2.2918377873647707E-4 0.0037699632070062436 6.158837203219164E-6 
2.809892026057336E-4 1.0844572675094206E-4 1.1649110144923838E-5 3.1563739118130367E-4 3.1388048587674674E-5 1.1896081438783546E-4 0.008871845827197786 2.2034319296413517E-5 3.488591921546509E-5 3.5216715338489275E-4 5.9625354175109345E-5 5.825202055703032E-5 0.9369301852276537 7.435076356222299E-5 0.009495841526708014 2.8198622588367264E-5 4.961941734420083E-6 3.518960954099958E-5 2.7703816018667167E-5 1.1366725543637095E-5 1.80815719399388E-5 0.04306623856433635 1.5114089392243577E-5 1.855087267899254E-5 8.335780817487572E-6 
0.9217179233124967 0.04822626804105536 3.2974063666116114E-5 1.0000562634680703E-5 0.01881440433609337 1.0062388508025258E-5 3.023886150747953E-5 1.2807608172782124E-5 9.574208855466449E-5 3.323416663688447E-5 3.8709430547888355E-5 1.2350248114516193E-4 0.010534022947236907 6.191839744687814E-5 4.269824567156264E-6 4.269824567156264E-6 9.869081545768254E-6 1.8539438934003324E-5 1.239128030366279E-4 1.8545521583050594E-5 7.082358625192457E-6 4.269824567156264E-6 3.6036059417794156E-5 7.131527752739525E-6 2.4265049700320078E-5 
6.332076787320484E-6 2.711859662507596E-6 0.055151016903035 1.1482377984606509E-4 0.017637069902144035 5.662022234119396E-4 7.479329045498049E-5 0.007662121685470037 0.7523262971755602 3.129671940150883E-5 4.52465172030577E-6 8.354694686177155E-5 1.1850363555565943E-5 0.004610345403752672 0.15187599556483808 6.447326018592484E-5 4.504317269767578E-6 0.0064191743644748086 1.1457551369533053E-4 1.1713078632755568E-5 2.636985016408085E-5 0.003170462961234766 2.4374388515759804E-5 2.711859662507596E-6 2.711859662507596E-6 
7.063632884423784E-5 1.583358652689896E-5 0.07331116718106646 0.9205470586781658 3.245265267434722E-4 8.69000571404116E-4 5.453413877099747E-5 8.365019570746572E-6 8.749481964717927E-5 1.2268540300998532E-5 1.917283271329032E-5 2.6267320960975687E-5 1.5896333590424135E-5 2.2604641248640897E-5 1.5360515949336686E-5 1.5726913596709116E-5 2.2953911045426624E-4 1.1929817084983526E-5 8.51174029250554E-6 7.43287185341858E-5 8.614236310442181E-6 0.0027855912478065266 0.0012331432628270753 1.0060937217649679E-4 1.3181854541345565E-4 
6.533463059472168E-6 6.742700075773075E-6 0.08000011141268068 3.62066547597817E-5 0.017134399883967283 6.745305042437865E-5 0.5852934599421151 0.001961224022473624 8.032605285608925E-5 4.2493609015435176E-4 8.896326994630276E-6 0.001715450336185537 0.01427018711854535 2.455191543081275E-4 0.034058089756812016 1.9132020309753427E-5 9.887162890212217E-6 2.2298545450248284E-5 8.489076331383625E-5 5.504088144910995E-4 8.038359153154165E-5 0.2637449764607151 8.017232836863964E-5 2.4790283478673347E-5 7.352406403864996E-5 
1.1274682433432859E-4 1.4026693823589604E-4 6.943296997744535E-5 5.3164890544690685E-5 1.257144734297406E-4 8.321285735854606E-5 2.2744904613548902E-5 5.437398990261103E-5 5.430944027991622E-5 2.2744904613548902E-5 1.4487320844863276E-4 8.520573866327197E-5 3.882976835486238E-5 3.830759306818109E-5 9.936477193334871E-5 3.7989446115101076E-5 6.900406381594928E-5 3.8271589161981354E-5 2.2744904613548902E-5 8.194194671030625E-5 6.99439513633431E-5 3.852717244673254E-5 0.9984507938427876 2.2744904613548902E-5 2.2744904613548902E-5 
0.0036910787137503223 3.354571678664823E-5 1.0535888800937722E-5 1.0621796017638526E-5 3.623701247209962E-4 5.7859414266503384E-6 2.000466430274343E-5 1.8344851591020142E-4 3.346665953350213E-4 2.0328360794688026E-5 1.0562481184188963E-5 1.3989816592254817E-4 3.491638582111931E-6 1.0702793211380661E-4 0.9379408981322694 1.0969996817401448E-4 1.081251057118943E-5 8.307431493394812E-6 5.758049522081814E-6 1.0668976854265773E-5 3.607181201084845E-5 0.0569106184929861 8.07563723887525E-6 5.811316935515928E-6 1.991113629653487E-5 
3.704364981076492E-5 2.3189781651080065E-5 0.030248400468571718 1.5998778032545767E-5 0.0152864984384263 0.01684577935197785 9.99017345121646E-5 3.2075315951796234E-5 5.365296165942649E-5 3.52200297676243E-5 1.0701241907229857E-5 0.9307316619885646 1.1572986493672476E-5 2.7694930266281555E-5 1.2119603685763657E-4 1.0967706687663317E-4 1.2870588444753156E-6 2.0166799684559623E-5 5.598431937149324E-6 1.172933403089582E-5 4.72693296228444E-6 0.005526322381874656 7.056144155433077E-4 3.1286845687600486E-5 3.0030381077251336E-6 
0.03480907271451016 8.501685155618044E-6 0.05167406340007913 0.006023890529942954 0.8972736120755591 1.4355433324213801E-4 7.978298333700303E-5 4.4665180596569257E-4 1.1764976720982243E-4 7.758108861472783E-4 3.628355144661491E-5 4.8151209493272996E-5 7.522609423431278E-5 1.0236642695727375E-4 6.065830169218422E-6 0.003804548137984011 3.178609576735876E-5 6.0494967529150046E-5 5.923162789304742E-4 0.002422432000757264 1.9584377729161442E-4 6.711446838567665E-4 5.383036703874476E-4 3.258145677213497E-5 2.986563727373073E-5 
4.885870709880498E-6 1.6301100697279557E-5 9.244404325961968E-5 1.0410406306130759E-5 1.336499304042919E-5 3.4768315439020207E-6 9.01126903811339E-6 3.513153076130152E-6 6.293533323083831E-6 0.9995662995957317 4.90626957416748E-6 3.495792177991472E-6 9.068811798685029E-6 6.180611399676365E-6 2.4621418900597807E-5 1.3286500332276933E-5 7.654733179916442E-6 2.1635445460678573E-5 9.877248556573394E-5 3.728276765279722E-5 7.626856235671906E-6 1.2130733280223838E-5 9.164740045975105E-6 1.6084947678506887E-5 2.087089990662716E-6 
1.4805463947483477E-4 2.0050885938499844E-5 0.1785231350437272 0.028476226908799404 0.011880496777673296 2.6411178240755187E-4 8.995126737890228E-5 8.388608466050645E-6 8.03339688744086E-4 3.037970204795243E-4 0.0015461077678702035 1.852632650296154E-4 3.21911567749451E-4 1.927037550852013E-5 0.004161841946189717 4.3818313977453876E-4 5.2022910215713623E-5 0.031265721642284444 8.024648501672453E-5 0.00402397258833035 2.9738403030622323E-5 0.031887491356973614 0.020498848030867954 0.6849606118232667 1.1216074802492843E-5 
9.21132471754959E-5 2.6067441280341307E-6 0.17492377911368998 0.012927673513623906 2.702401816288861E-4 0.7852959449860288 4.633712563676561E-5 5.848174162657221E-5 7.896688599653118E-6 9.58643540757437E-6 6.108068575890389E-6 0.019926272861124132 6.1189837389267365E-6 0.006282760301474526 3.052089592567043E-5 2.5372036881378343E-5 6.083032581764331E-6 1.484028771813384E-5 7.855329226536304E-6 4.348045132375543E-6 1.487415212767755E-5 1.1378075116883696E-5 4.356215459668651E-6 9.649738912366724E-6 1.4802198457993945E-5 
3.409033130051559E-4 0.5096505955157721 0.0017222519017294157 3.0512536906252393E-6 0.00462017038374085 1.684034534172981E-6 7.749188555862726E-6 1.0097412735820266E-6 2.3479285629606824E-6 9.752385733988471E-4 4.388761445900879E-6 1.0097412735820266E-6 0.0018105295486019858 2.392503517467168E-6 4.371747798385066E-6 1.780947266269873E-5 7.76958713150492E-6 3.7123072157872286E-6 0.46696219804652006 0.012758665078220198 1.6937239886552231E-6 0.0010420438634687512 3.7635726558137122E-6 3.328335085945197E-5 2.1366860376530293E-5 
3.364965100776946E-5 6.259925001207455E-6 0.098286419063168 0.0023135529532453273 0.005690320090031048 2.4020155810811156E-5 3.981655450123556E-5 4.188583772922458E-6 2.0179068491227978E-4 5.8814118264739645E-6 2.536442866778721E-6 2.536442866778721E-6 2.6805681838490977E-5 7.740971670105978E-4 3.666574129854536E-5 0.8384738279014703 8.87581300569149E-6 0.012393385318227413 4.294622026116722E-6 1.684537644716345E-5 7.627579476040017E-6 0.04159540839670105 4.1237276551344804E-5 7.42072406950703E-6 2.536442866778721E-6 
1.6508208289274997E-5 2.9755286240483815E-5 3.909320340896473E-4 0.008020853383589687 9.798476326255115E-6 0.004796827764671525 3.657209406938902E-5 9.798476326255115E-6 9.798476326255115E-6 9.798476326255115E-6 1.6306509679961304E-5 9.798476326255115E-6 3.6003800041297677E-5 9.798476326255115E-6 9.798476326255115E-6 3.1308641312040205E-4 0.9860909105643758 1.6281363934088373E-5 5.5504755020653924E-5 1.6256411756622432E-5 9.798476326255115E-6 2.3134880879855728E-5 2.303270732652157E-5 2.9847535978985137E-5 9.798476326255115E-6 
1.5320653431345266E-5 1.2314763009016386E-6 0.011545358724162026 5.173150012073311E-5 1.5305656485811798E-4 7.058930409161252E-6 1.2314763009016386E-6 5.363634808250136E-6 2.5333923368813034E-5 3.894196001080286E-4 0.6808247099734139 3.7252597027478677E-6 3.422680733147557E-5 1.2314763009016386E-6 8.702419722127724E-6 1.8570750191857735E-5 2.064855296459683E-6 9.706208718470459E-5 3.6870945815898966E-6 5.940694206315166E-5 0.20212779562532573 0.06910914219211801 1.362204807215316E-5 1.0171151865040911E-4 0.03539923446617651 
2.1149241427544406E-5 9.89762715364633E-6 0.036026856130036575 1.5658221955374985E-4 9.331163402075876E-4 0.0022927194514463537 7.671808097854229E-5 0.03951645606693839 6.754406144449216E-6 4.143216806451844E-6 1.3334847402932233E-5 3.1989727423471205E-5 4.4489753824071816E-5 0.9134526137168861 0.006741130027050014 3.646544592886544E-5 7.307110452175279E-6 1.0604592482483308E-4 6.718337917622126E-6 1.9984123095605357E-4 4.143216806451844E-6 2.2342051418977916E-4 2.91231390915304E-5 2.2720021864502487E-5 3.6264204688542514E-5 
0.0023561482264371574 0.15827406314193912 8.415380296554874E-5 5.568830814287525E-4 9.498222517577745E-4 1.4084210471149007E-4 1.627765458413129E-4 6.201092916810046E-5 1.699962121143407E-5 0.04552481324530122 1.6890640708135487E-4 1.0376658767245768E-4 2.50152950288681E-4 4.2595653208823205E-4 1.499606446970887E-4 5.152872260087755E-5 0.6326682004621984 0.01207284405622729 0.037293632143621795 0.003803058420207769 3.985669876285858E-5 2.8088277793069953E-5 0.08108697182052715 0.023595851639961862 1.327116855090221E-4 
0.016484174630981768 0.014175673387091539 0.09002776316168483 0.011423897566325874 0.052329743799053516 0.003122110323480742 0.02871723363370788 1.5073778875119499E-5 8.6506595552747E-5 0.010040478274675293 0.0019586559033521597 6.873324453040304E-4 0.007380054788268622 0.004178795987627383 0.0023630214156336554 0.0024656746338695113 7.030121655733846E-4 1.3410576487635627E-4 0.07242308016886251 0.5664081343598281 4.222403900648126E-5 0.07857148126831771 0.03563851224088215 5.855785819063905E-4 3.76810852625296E-5 
3.457552165174152E-5 7.59821097272774E-6 5.584497186029065E-6 0.0027542671642545053 4.3641123513978746E-5 8.416805984227493E-5 1.3893399831269404E-5 7.70121906070809E-6 1.5850610940256666E-5 3.267221606922944E-6 1.4032173721743988E-5 2.74769288041507E-5 7.593760583673311E-6 2.0539805227492185E-5 5.584497186029065E-6 3.267221606922944E-6 0.9704802199240478 2.8346810841590423E-4 2.1932883017382883E-5 4.34196387244101E-5 3.267221606922944E-6 3.2886142442005514E-5 0.02591062061104544 1.7187683310291427E-4 3.267221606922944E-6 
1.8378718847953567E-5 4.904294996525918E-6 1.2343321510581694E-4 1.087153909678811E-5 1.1864164825109068E-4 2.3816295070737823E-5 2.81359303811067E-5 0.9250381566034709 0.019064096948575783 8.693940963521734E-6 1.0727917920155846E-5 6.781070538936883E-6 1.064009071335476E-5 0.03146047559895208 5.054081692790553E-4 1.3119461537235846E-4 6.831232418761373E-6 0.0016011045860396904 2.9158765398236693E-6 9.399510252372796E-5 2.4628517940500454E-5 0.02167373545035117 1.6847188207668563E-5 1.0622942522436365E-5 4.96250592031756E-6 
0.18722844319457657 9.601425669201995E-5 0.030247824126457067 0.0014153102480654956 0.17764474851266365 0.005849154858293822 0.5207694907193854 6.832227017931516E-5 0.007975965066550432 9.687424615853169E-5 1.6076162853564055E-5 6.080432750228364E-4 1.9180350224402666E-4 0.02040664798861978 0.002043678012857527 4.023554538917022E-5 1.0526103398526495E-5 3.521329276798391E-5 9.823874981880576E-4 5.868590905332789E-4 4.3874319663188796E-5 0.043240732440443366 2.774579064749931E-4 1.0526103398526495E-5 1.1379125912316098E-4 
