ECTM_k_1: 3857.32322173
ECTM_k_5: 1331.63544769
ECTM_k_10: 830.333291785
ECTM_k_15: 621.333223988
ECTM_k_20: 509.391389245
ECTM_k_25: 439.279156875
ECTM_k_30: 395.624253457
CorrLDA2_k_1: 5442.36758885
CorrLDA2_k_5: 2737.47617848
CorrLDA2_k_10: 2118.88962907
CorrLDA2_k_15: 1714.28175085
CorrLDA2_k_20: 1558.36257552
CorrLDA2_k_25: 1456.47776567
CorrLDA2_k_30: 1342.58723453
CorrLDA2_k_35: 1261.46582002
LDA_k_1: 6942.6958797
LDA_k_5: 3469.22637198
LDA_k_10: 2486.44408498
LDA_k_15: 2134.76972685
LDA_k_20: 1916.76075174
LDA_k_25: 1762.59663466
LDA_k_30: 1639.93110966
LDA_k_35: 1558.61351999