ECTM_k_1: 5257.37596486
ECTM_k_5: 27849.6452081
ECTM_k_10: 24195.5032006
ECTM_k_15: 22823.1127154
ECTM_k_20: 26167.1332317
ECTM_k_25: 19873.0313308
ECTM_k_30: 19201.3228077
CorrLDA2_k_1: 5257.37596486
CorrLDA2_k_5: 2898.55735954
CorrLDA2_k_10: 2333.30722209
CorrLDA2_k_15: 2009.99487752
CorrLDA2_k_20: 1948.63133894
CorrLDA2_k_25: 1859.20810424
CorrLDA2_k_30: 1686.78413718
CorrLDA2_k_35: 1541.23151221