1.2872513944294006E-7 9.877277187379892E-7 7.320322021992337E-7 3.898055575215961E-7 2.8107772598094226E-6 1.16212893607521E-6 0.999983878478487 1.93031001187661E-6 1.4234946843566803E-6 5.610647530928588E-7 6.47139174862374E-7 1.6853631355888662E-6 2.713867740246032E-6 7.338774503431317E-7 2.1520774889067512E-7 
8.288312527384779E-7 0.2313684872191955 9.418794096430802E-7 8.313545993669434E-7 4.7308809121607433E-4 6.838314080875304E-6 2.771186109001554E-7 9.385873410664018E-7 9.489184624218791E-7 0.1210832441391771 1.048972863211442E-6 4.705453508965228E-6 0.6459815878579993 0.001074730477244139 1.5027850386858478E-6 
1.8816993312966554E-7 1.1628962489775538E-6 1.8756448233992915E-6 2.635487147498617E-7 3.412162968227654E-7 6.369909572423844E-7 4.147833909592456E-7 7.909524674185944E-7 5.668133793969764E-7 1.082520592975316E-6 0.032548751984789216 1.886442135669801E-7 5.624168603165852E-7 8.686659577104863E-7 0.9674423047513739 
0.6406511022245759 5.848508719279366E-7 1.5268411054016908E-7 0.359345118314222 9.175944476366888E-8 1.5328676569211786E-7 3.386071993667624E-7 1.5361680727144768E-7 1.530116142274631E-7 1.5379577226308404E-7 2.781509818646912E-7 2.156495989668607E-7 6.417261529088353E-7 4.618983766727929E-7 4.004235060860106E-7 
1.6552076677513924E-6 0.1214974646785768 9.024988067860247E-7 3.368488279881788E-6 1.3563495300610386E-4 5.469079238819082E-6 1.584658759669186E-7 3.3372232132335615E-6 1.4371524465577907E-6 0.8783399924104142 1.584658759669186E-7 2.0778690661520893E-6 6.961220367363354E-6 2.6543569395676286E-7 1.1168514704658222E-6 
3.4452111799726133E-7 0.1067591058922804 4.195851560318976E-7 3.4350022570805463E-7 1.0356581062954808E-6 4.2174330372544527E-7 1.799329333003909E-6 1.9117883219504426E-7 1.1423708417308766E-7 4.2098109421908094E-7 2.6768749379504285E-7 6.527854605368894E-7 4.965990190506159E-7 0.8932330479449545 1.3383565383659668E-6 
7.49869313368122E-7 0.13729695707115316 6.366798812105274E-7 2.018083568041263E-6 0.015100014880452978 8.677351690024628E-7 8.663018761542077E-7 1.7208766995134798E-7 1.3261246171553898E-6 0.08418242927611498 1.2149441023945017E-6 1.4425072699273613E-6 0.7634083055606821 2.826790460039615E-6 1.7208766995134798E-7 
1.2001885121297443E-6 0.2149434185474617 8.850065414175313E-7 1.7206050731149754E-6 0.6658200883199642 2.9456935941751246E-5 6.798563307682133E-7 2.2496337381732765E-6 2.130643368633091E-6 0.11916938510916243 1.5551176521162215E-7 2.866656518775182E-6 2.430434807022857E-5 8.844437717704993E-7 5.741937798403233E-7 
5.916518993876612E-7 0.7821432437040783 1.2297673065222187E-6 1.2476551819028146E-6 5.938166184122432E-7 0.0051271710839626864 4.779769665625323E-7 3.753909160128129E-7 6.034343649493355E-4 2.958554441882172E-6 2.084462747999737E-6 2.6583815138745204E-6 6.986847059750767E-7 0.21211137022014243 1.8642845688515652E-6 
1.022551391688034E-7 8.559522969429306E-7 0.9929662311406159 1.715820439384264E-7 3.773049488686955E-7 5.848552150908871E-7 1.711451133273841E-7 2.388475365991949E-7 0.007029012198944913 2.401030870583763E-7 3.773386830525888E-7 9.197125744323936E-7 2.390212025591566E-7 3.0776953589206086E-7 1.707730626028149E-7 
1.1491329846146788E-6 0.19683676559713337 6.037025878179749E-6 2.5367144046032157E-6 8.08984957144874E-7 0.7582367638294575 3.8252388472702746E-7 2.6160779444773326E-6 0.044905941148794405 8.139908759833138E-7 2.0156038379936527E-6 1.1539768163859434E-6 1.2745085087683112E-7 2.162636760904305E-6 7.253054187508766E-7 
5.019233942569661E-7 0.006189431264944041 4.125991325471002E-7 1.3698011030754488E-7 6.870737429799833E-7 2.3029502644914343E-7 8.17636967956986E-6 0.9937935643156347 4.1101275677539986E-7 1.3698011030754488E-7 1.960439072514425E-6 5.049755812762028E-7 5.019532635692583E-7 1.1523667648616647E-6 2.1914507862803684E-6 
4.203819837201349E-7 0.18378378732330536 4.155193516354241E-7 1.1744644385007408E-6 1.3413795137701532E-6 2.0168239216530762E-4 6.961107875129441E-7 9.804191627617401E-7 9.839102224305215E-7 4.254165006196115E-7 0.8159954555513103 5.140308063372811E-7 1.3661988957451843E-6 3.2857474299816847E-6 7.471154125543364E-6 
3.9069639434763727E-7 0.035936319570464705 0.02452912778339559 1.2533170909057733E-6 2.1636011858104686E-7 9.037269533174305E-6 1.2965069118916124E-7 1.6020625159850874E-6 0.9395131531399736 1.8820171287881292E-6 6.48865269080669E-7 5.641253006330103E-7 3.6796418693541017E-6 1.8658495627430116E-6 1.2965069118916124E-7 
1.6002462503359946E-7 0.15710248536217525 9.149040063578389E-7 5.896342497964002E-7 1.7722499978086945E-6 4.814745903351761E-7 6.972243552469947E-7 2.1921858571078394E-6 1.3464148021242892E-6 0.08114215322435879 1.444596859139641E-6 0.7617407668166485 2.6313530210399758E-6 2.2045098284072525E-6 1.6002462503359946E-7 
