0.0014954897926887161 7.042253521126756E-4 0.001495489792688716 0.0204858363665137 0.0014954897926887161 0.0030780186738407966 7.042253521126756E-4 7.042253521126756E-4 7.042253521126756E-4 7.042253521126756E-4 7.042253521126756E-4 7.042253521126756E-4 7.042253521126756E-4 0.0022867542332647563 7.042253521126756E-4 0.001495489792688716 7.042253521126756E-4 0.0022867542332647567 0.9478477607216328 0.010990663079601204 
2.551020408163262E-4 0.0011149965604219242 2.551020408163262E-4 0.7549558587479936 8.283650538867253E-4 0.0014016280669571228 5.417335473515266E-4 0.0016882595734923202 2.551020408163262E-4 2.551020408163262E-4 5.417335473515264E-4 2.551020408163262E-4 0.0014016280669571224 0.017739623939463444 2.551020408163262E-4 8.283650538867228E-4 2.551020408163262E-4 0.0016882595734923197 2.551020408163262E-4 0.21522873194221512 
6.17283950617283E-4 6.17283950617283E-4 6.17283950617283E-4 0.4188444999306423 0.0013108614232209739 0.007553058676654203 0.4382646691635458 0.0013108614232209793 0.037376889998612876 0.06720072132057138 6.17283950617283E-4 6.17283950617283E-4 0.0013108614232209739 6.17283950617283E-4 0.005472326258843105 0.01240810098488005 6.17283950617283E-4 6.17283950617283E-4 6.17283950617283E-4 0.003391593841032045 
2.3807124502443693E-4 0.04520708419408474 1.1210762331838557E-4 0.4964087771451607 1.1210762331838557E-4 0.0011198165969667937 1.1210762331838557E-4 1.1210762331838557E-4 3.6403486673048833E-4 1.1210762331838557E-4 3.6403486673048876E-4 1.1210762331838557E-4 2.3807124502443728E-4 0.07732780772912781 2.3807124502443723E-4 0.0020015619489091654 1.1210762331838557E-4 0.005528543356678578 4.899984884365394E-4 0.3696893737088727 
0.0010016959932160271 0.005241679033283888 0.002591689633241467 0.26229065083739683 4.716981132075471E-4 4.716981132075471E-4 0.00365168539325843 4.716981132075471E-4 4.716981132075471E-4 0.011071655713377171 4.716981132075471E-4 0.001531693873224507 0.001531693873224507 4.716981132075471E-4 0.01478164087343653 0.3576902692389229 4.716981132075471E-4 0.0010016959932160271 0.3338403646385413 4.716981132075471E-4 
1.0183299389002029E-4 1.0183299389002029E-4 0.009941875100116697 0.9381095677246624 1.0183299389002029E-4 1.0183299389002029E-4 4.4509027666537077E-4 1.0183299389002029E-4 2.1625208814847084E-4 1.0183299389002029E-4 0.00822558868623995 1.0183299389002029E-4 1.0183299389002029E-4 2.162520881484708E-4 1.0183299389002029E-4 5.595093709238208E-4 1.0183299389002029E-4 0.00422092038719421 9.027666536991709E-4 0.036143847685301725 
8.389261744966448E-5 6.494608249754905E-4 8.389261744966448E-5 0.8973578538571745 5.551994570545205E-4 0.0011207676645803477 4.6093808913354883E-4 8.389261744966448E-5 8.389261744966448E-5 0.015354234220646967 0.0010265062966593758 1.7815398537063569E-4 0.011678040871729132 8.389261744966448E-5 1.7815398537063569E-4 0.06917747530352157 8.389261744966448E-5 1.7815398537063585E-4 2.724153532916067E-4 0.0013092904004222907 
2.4875621890547284E-4 0.10226675610710492 5.282575884621836E-4 0.4985996981385211 5.282575884621836E-4 5.282575884621836E-4 0.005559282240482974 2.4875621890547284E-4 0.024285874000782533 5.282575884621836E-4 0.35158197775169103 8.077589580188932E-4 5.282575884621836E-4 0.0019257644362457352 0.002764268544915867 0.0024847671753591536 2.4875621890547284E-4 0.003323271284029285 2.4875621890547284E-4 0.002764268544915865 
4.316251027678821E-4 4.316251027678823E-4 0.0027153558052434522 0.3349981730154382 0.005912578788709245 0.0018018635242532225 8.883712432629934E-4 2.0325203252032537E-4 0.0020302365945007806 2.0325203252032537E-4 2.0325203252032537E-4 2.0325203252032537E-4 0.001116744313510551 2.0325203252032537E-4 6.599981730154384E-4 4.316251027678824E-4 2.0325203252032537E-4 0.020071709144057735 0.0015734904540056643 0.6257170914405772 
1.246882793017457E-4 1.246882793017457E-4 1.246882793017457E-4 0.995109137269186 4.04886659755107E-4 1.246882793017457E-4 1.246882793017457E-4 2.6478746952842655E-4 1.246882793017457E-4 8.25184230435148E-4 1.246882793017457E-4 1.246882793017457E-4 1.246882793017457E-4 1.246882793017457E-4 1.246882793017457E-4 2.647874695284262E-4 0.0013855809913418705 1.246882793017457E-4 1.246882793017457E-4 1.246882793017457E-4 
7.396449704142025E-5 2.4017684994348754E-4 0.0026502559670234676 0.12888853799614391 7.396449704142025E-5 0.004478591848946217 3.232830263945221E-4 7.396449704142025E-5 2.4017684994348843E-4 7.396449704142025E-5 0.0024009374376703662 0.03605893890033907 1.5707067349245374E-4 0.12415148593843496 7.396449704142025E-5 0.3153787979522639 7.396449704142025E-5 0.0033982115550827805 0.37928744764310895 0.0019023003789641643 
0.003002773431944247 5.137960460816391E-4 0.0031805575309344332 0.5777787654672166 0.007091807708718531 0.008869648698620393 5.137960460816392E-4 8.693642440620113E-4 0.005669534916797041 0.002113852936993316 3.3601194709145294E-4 0.015803228559237655 0.005669534916797042 0.0015805006400227567 1.582278481012662E-4 0.3377702318304653 6.915801450718254E-4 1.582278481012662E-4 0.02718141089460953 0.0010471483430521977 
0.0043182667899801285 5.795076644562068E-4 8.756567425569165E-5 0.9595712233613414 8.756567425569165E-5 0.0063844231488222975 3.827308683760008E-4 1.8595407229579473E-4 6.778960624963103E-4 0.0012682264507369286 8.756567425569165E-5 0.001071449654656722 0.01150061984690766 0.00195694523701765 0.009434463488065507 0.001661780042897341 8.756567425569165E-5 2.8434247033589695E-4 2.8434247033589733E-4 8.756567425569165E-5 
3.360119470914525E-4 0.002113852936993316 1.582278481012662E-4 0.17243101976959185 6.91580145071825E-4 5.137960460816388E-4 0.0015805006400227569 3.360119470914525E-4 1.582278481012662E-4 1.582278481012662E-4 1.582278481012662E-4 0.0010471483430521981 1.582278481012662E-4 5.137960460816388E-4 1.582278481012662E-4 6.915801450718253E-4 1.582278481012662E-4 1.582278481012662E-4 0.6663152467643298 0.15216363248471065 
1.7182130584192414E-4 3.648789528553222E-4 0.006542723657284063 0.443239121201591 1.7182130584192414E-4 3.648789528553222E-4 0.0015232248349357114 1.7182130584192414E-4 1.7182130584192414E-4 0.0028746283640294986 3.648789528553224E-4 1.7182130584192414E-4 3.648789528553224E-4 1.7182130584192414E-4 5.579365998687203E-4 0.09496312598942046 1.7182130584192414E-4 0.014651144831846787 3.648789528553224E-4 0.4326209506158542 
1.845018450184499E-4 0.03832870351175416 3.9180728885940545E-4 0.521143082217339 5.991127327003598E-4 0.002672167171109911 1.845018450184499E-4 1.845018450184499E-4 3.9180728885940513E-4 1.845018450184499E-4 0.14301795265143663 1.845018450184499E-4 5.991127327003596E-4 0.002464861727268956 3.9180728885940535E-4 0.12871387702641077 1.845018450184499E-4 0.014073966582362398 1.845018450184499E-4 0.14592022886520997 
1.5159621901194927E-4 4.668534080298779E-5 0.04888269914707451 0.6266269054438252 4.668534080298779E-5 4.668534080298779E-5 4.13873414534353E-4 9.914077990746851E-5 5.187842927433144E-4 4.668534080298779E-5 0.007547813132743734 2.0405165811643002E-4 4.138734145343529E-4 4.668534080298779E-5 9.914077990746847E-5 9.914077990746851E-5 4.668534080298779E-5 0.001410526757519487 0.0020399920267732564 0.3112123501085832 
6.879641972957509E-4 4.4991430203770554E-4 2.1186440677966112E-4 0.7572105313273663 0.0018782136735859937 2.1186440677966112E-4 2.1186440677966112E-4 0.0035445629403923103 2.1186440677966112E-4 2.1186440677966112E-4 0.0021162635688440398 2.1186440677966112E-4 0.004258712626166451 2.1186440677966112E-4 2.1186440677966112E-4 2.1186440677966112E-4 2.1186440677966112E-4 0.0016401637783279392 0.003068463149876224 0.22302656636831078 
1.9809659567331906E-4 1.9809659567331846E-4 9.328358208955227E-5 0.5874654117055175 5.125356364246175E-4 9.328358208955227E-5 3.0290960925708534E-4 9.328358208955227E-5 9.328358208955227E-5 4.077226228408513E-4 1.9809659567331873E-4 6.173486500083842E-4 1.9809659567331854E-4 0.0047050561797752745 1.980965956733189E-4 5.125356364246172E-4 9.328358208955227E-5 9.328358208955227E-5 0.09054691430488004 0.31337938118396785 
1.845018450184499E-4 3.918072888594049E-4 8.064181765413155E-4 0.8625751482233924 0.012415523031634814 1.845018450184499E-4 0.001221029064223225 1.845018450184499E-4 1.845018450184499E-4 0.01573241013309008 5.991127327003586E-4 1.845018450184499E-4 3.9180728885940545E-4 3.918072888594055E-4 0.004330610721837553 0.003915999834155643 1.845018450184499E-4 8.064181765413149E-4 1.845018450184499E-4 0.09513039512417598 
0.0013996512979465331 4.3103448275862133E-4 0.002368268113134443 0.9680792328554821 0.0018839597055404886 0.0013996512979465331 9.153428903525772E-4 9.153428903525772E-4 4.3103448275862133E-4 0.001399651297946533 9.153428903525772E-4 0.005274118558698172 4.3103448275862133E-4 0.0062427353738860845 0.0013996512979465334 0.0013996512979465331 4.3103448275862133E-4 4.3103448275862133E-4 0.003821193335916301 4.3103448275862133E-4 
0.007113927358244036 0.001887901750718578 0.0018879017507185806 0.3180624510060102 0.0012346485497778928 5.813953488372081E-4 5.813953488372081E-4 5.813953488372081E-4 0.0012346485497778928 0.007113927358244053 0.0084204337601254 0.00515416775542201 0.009073686961066068 5.813953488372081E-4 0.0012346485497778928 0.003194408152599957 0.0012346485497778928 0.026058270185523882 0.0012346485497778928 0.6035340998170892 
7.383085332523517E-4 1.689189189189189E-4 1.689189189189189E-4 0.9624373671424236 1.689189189189189E-4 5.485119951412075E-4 5.485119951412075E-4 5.485119951412072E-4 1.689189189189189E-4 0.0016872912238080834 5.485119951412082E-4 0.0026362739143638123 0.01933836926814454 0.005483221986030958 1.689189189189189E-4 5.485119951412075E-4 1.689189189189189E-4 1.689189189189189E-4 0.0014974946856969316 0.0022566808381415202 
0.0025923633593601223 6.879641972957502E-4 0.0016401637783279375 0.9143234621976761 0.0030684631498762178 0.006401161683488869 0.002592363359360125 2.1186440677966112E-4 0.008781660636069322 0.007115311369263003 0.009495810321843464 2.1186440677966112E-4 4.499143020377056E-4 0.003306513045134263 2.1186440677966112E-4 0.006639211578746904 4.499143020377056E-4 4.499143020377056E-4 6.879641972957517E-4 0.030682250999809573 
1.582278481012662E-4 8.693642440620118E-4 1.582278481012662E-4 0.7109390556108667 1.582278481012662E-4 1.582278481012662E-4 3.360119470914525E-4 1.582278481012662E-4 1.582278481012662E-4 0.002291637035983502 1.582278481012662E-4 3.360119470914525E-4 3.360119470914526E-4 0.07784987910681267 0.0010471483430521981 6.915801450718254E-4 1.582278481012662E-4 1.582278481012662E-4 1.582278481012662E-4 0.20372102119186447 
0.002257556283428001 3.918072888594056E-4 0.08124093038683204 0.5103631991376097 3.9180728885940545E-4 3.918072888594056E-4 3.918072888594048E-4 1.845018450184499E-4 8.06418176541316E-4 1.845018450184499E-4 0.0016356399519051345 0.002464861727268956 1.845018450184499E-4 0.002879472614950866 1.845018450184499E-4 1.845018450184499E-4 1.845018450184499E-4 0.0018429453957460903 0.002050250839587047 0.39178448526058274 
5.222796599307895E-4 0.007571452984150036 2.0186269064809636E-4 0.8685318494467469 0.0028720041013372073 0.0030856154141923314 6.290853163583538E-4 9.505703422053238E-5 4.15474003503225E-4 0.008746315204853245 3.086683470756608E-4 0.0025515871320545137 9.505703422053238E-5 2.0186269064809647E-4 0.00543533985559875 8.426966292134834E-4 9.505703422053238E-5 9.505703422053238E-5 7.358909727859207E-4 0.09696778741402143 
1.661129568106315E-4 3.527567285079698E-4 7.260442719026466E-4 0.7685785210347531 1.661129568106315E-4 0.0010993318152973217 1.661129568106315E-4 1.661129568106315E-4 1.661129568106315E-4 1.661129568106315E-4 7.260442719026483E-4 1.661129568106315E-4 1.661129568106315E-4 1.661129568106315E-4 1.661129568106315E-4 5.394005002053096E-4 1.661129568106315E-4 5.394005002053087E-4 3.527567285079696E-4 0.22525850162380084 
0.0010357314020980897 2.3696682464454972E-4 2.3696682464454972E-4 0.9451754619521816 2.3696682464454972E-4 5.032216837957305E-4 2.3696682464454972E-4 2.3696682464454972E-4 0.004230789711912229 7.694765429469101E-4 2.3696682464454972E-4 2.3696682464454972E-4 0.0018344959795516278 0.0401751956973215 0.0015682411204004482 2.3696682464454972E-4 2.3696682464454972E-4 2.3696682464454972E-4 2.3696682464454972E-4 0.0021007508387028066 
2.1645021645021645E-4 7.028551972372206E-4 2.1645021645021645E-4 0.7196094168004283 4.5965270684371833E-4 4.5965270684371893E-4 4.5965270684371915E-4 7.028551972372213E-4 2.1645021645021645E-4 2.1645021645021645E-4 2.1645021645021645E-4 2.1645021645021645E-4 0.001675665158811231 7.028551972372205E-4 2.1645021645021645E-4 7.028551972372205E-4 2.1645021645021645E-4 2.1645021645021645E-4 4.5965270684371893E-4 0.272116834476385 
0.0031021006350757233 3.1055900621117954E-4 3.1055900621117954E-4 0.9312896922325352 3.1055900621117954E-4 3.1055900621117954E-4 6.59501709819247E-4 3.1055900621117954E-4 3.1055900621117954E-4 0.007987298485588658 0.006591527671156395 0.0020552725242515228 0.0017063298206434557 3.1055900621117954E-4 0.002055272524251521 0.001357387117035387 3.1055900621117954E-4 3.1055900621117954E-4 0.008685183892804777 0.03171540233093723 
7.53048051637581E-4 3.546099290780145E-4 3.546099290780145E-4 0.8976372619332211 3.546099290780145E-4 3.546099290780145E-4 3.546099290780145E-4 3.546099290780145E-4 3.546099290780145E-4 3.546099290780145E-4 3.546099290780145E-4 3.546099290780145E-4 3.546099290780145E-4 3.546099290780145E-4 3.546099290780145E-4 0.06769065264164476 3.546099290780145E-4 3.546099290780145E-4 0.009120248625388456 0.019479639811937212 
7.68049155145929E-5 7.68049155145929E-5 2.4940023127772374E-4 0.9200098379329985 5.945908628039846E-4 1.6310257339615799E-4 6.808885206855501E-4 7.68049155145929E-5 7.68049155145929E-5 5.945908628039848E-4 4.2199554704085406E-4 7.68049155145929E-5 7.68049155145929E-5 7.68049155145929E-5 1.6310257339615799E-4 7.68049155145929E-5 7.68049155145929E-5 7.68049155145929E-5 7.68049155145929E-5 0.07627763682493656 
0.16219004261913983 0.004789810151104218 4.3103448275862133E-4 0.5748208058891904 9.153428903525772E-4 0.0018839597055404775 9.153428903525772E-4 0.021740604416892687 0.004305501743510263 0.0033368849283223435 4.3103448275862133E-4 0.02367783804726858 9.153428903525772E-4 0.052736342502905924 4.3103448275862133E-4 9.153428903525772E-4 4.3103448275862133E-4 0.0013996512979465331 0.0527363425029059 0.09099670670282846 
0.001993366725328285 6.396372004873443E-4 3.012048192771081E-4 0.9435122512522004 0.009438879111953418 0.004700825775010142 6.396372004873425E-4 0.016545959117368343 3.012048192771081E-4 3.012048192771081E-4 0.001654934344118042 9.780695816975747E-4 0.009777311493163656 3.012048192771081E-4 0.001993366725328284 3.012048192771081E-4 3.012048192771081E-4 3.012048192771081E-4 0.0016549343441180444 0.004362393393799914 
0.001495489792688716 7.042253521126756E-4 7.042253521126756E-4 0.8987893654059181 0.001495489792688716 7.042253521126756E-4 0.0014954897926887161 7.042253521126756E-4 7.042253521126756E-4 7.042253521126756E-4 0.004660547554992879 7.042253521126756E-4 7.042253521126756E-4 7.042253521126756E-4 7.042253521126756E-4 0.0030780186738407966 0.003869283114416838 7.042253521126756E-4 0.06637917391992414 0.010990663079601204 
3.4246575342465694E-4 3.4246575342465694E-4 7.272587348006767E-4 0.5263544712944436 3.4246575342465694E-4 0.01765814991534551 0.0011120517161766956 3.4246575342465694E-4 0.01650377097121748 0.004190395567184864 0.025738802524241936 0.0011120517161766963 0.005344774511312918 0.0011120517161766954 0.0011120517161766965 0.11539556718485458 3.4246575342465694E-4 3.4246575342465694E-4 0.2281399107280278 0.05344389718331534 
5.285924543202785E-4 0.0025927056036184745 3.491043543813044E-4 0.8258148759737226 7.987220447284333E-5 1.6961625444233014E-4 2.5936030441181735E-4 7.987220447284333E-5 7.987220447284333E-5 2.5936030441181735E-4 1.6961625444233014E-4 1.696162544423302E-4 7.987220447284333E-5 0.0010670567541372065 1.6961625444233014E-4 7.987220447284333E-5 7.987220447284333E-5 1.6961625444233017E-4 7.987220447284333E-5 0.16772175754747462 
0.015633389678830673 7.184050909814058E-4 2.2123893805309767E-4 0.967457989460077 7.184050909814064E-4 4.698220145172521E-4 2.2123893805309767E-4 2.2123893805309767E-4 4.698220145172523E-4 0.0014641543203738666 0.0012155712439097135 0.006932982002585267 2.2123893805309767E-4 2.2123893805309767E-4 0.0019613204733021756 4.6982201451725193E-4 2.2123893805309767E-4 4.6982201451725264E-4 2.2123893805309767E-4 4.6982201451725307E-4 
5.282575884621836E-4 0.006118284979596441 2.4875621890547284E-4 0.5799345966795236 0.0010872603275756023 2.4875621890547284E-4 0.0061182849795963995 2.4875621890547284E-4 2.4875621890547284E-4 8.077589580188918E-4 0.0010872603275756023 0.005838783610039685 2.4875621890547284E-4 0.0019257644362457307 0.0019257644362457348 5.282575884621836E-4 2.4875621890547284E-4 2.4875621890547284E-4 0.12490636704119847 0.2674520655151211 
7.183908045977029E-5 3.1399328425674866E-4 7.183908045977029E-5 0.498021600154979 7.183908045977029E-5 0.10185732274312287 7.183908045977029E-5 2.332752163244221E-4 7.183908045977029E-5 1.525571483920959E-4 1.5255714839209605E-4 3.1399328425674893E-4 1.5255714839209575E-4 0.07748046622756037 7.183908045977029E-5 0.06190187911662144 7.183908045977029E-5 2.3327521632442196E-4 0.060691108097636635 0.19799254165052307 
1.7182130584192414E-4 1.7182130584192414E-4 3.6487895285532216E-4 0.8573477740453305 0.0013301671879223128 0.010017761303525236 0.05944051893895515 5.579365998687204E-4 0.0017162824819491095 7.509942468821185E-4 7.509942468821185E-4 1.7182130584192414E-4 0.0015232248349357112 1.7182130584192414E-4 0.03299162129811961 0.002488513070002702 1.7182130584192414E-4 1.7182130584192414E-4 0.027586007181744462 0.0021023977759759057 
1.9157088122605375E-4 1.9157088122605375E-4 6.220672435317913E-4 0.5916935726893108 1.9157088122605375E-4 1.9157088122605375E-4 1.9157088122605375E-4 0.004496534504283448 0.0025593008739076195 1.9157088122605375E-4 0.0010525636058375295 1.9157088122605375E-4 0.015258943561926882 1.9157088122605375E-4 0.0012678117869903993 0.012891213569245396 1.9157088122605375E-4 0.0012678117869903986 6.220672435317919E-4 0.3665439752034094 
1.4044943820224737E-4 0.0010872995833859404 4.560661532634761E-4 0.9402048352480745 7.716828683247075E-4 0.01087141775028405 1.4044943820224737E-4 1.4044943820224737E-4 1.4044943820224737E-4 1.4044943820224737E-4 1.4044943820224737E-4 1.4044943820224737E-4 1.4044943820224737E-4 0.02665225350334553 2.9825779573286145E-4 7.716828683247075E-4 1.4044943820224737E-4 1.4044943820224737E-4 1.4044943820224737E-4 0.01734156040903926 
3.3112582781456916E-4 0.01000446461790312 3.3112582781456916E-4 0.6447243098444829 0.0010752288116675337 0.0263747302626683 0.0021913832874469823 7.031773197410513E-4 7.031773197410519E-4 3.3112582781456916E-4 0.005167795222858854 3.3112582781456916E-4 3.3112582781456916E-4 0.0029354862712999527 0.0014472803035940171 0.2923915469901035 3.3112582781456916E-4 7.031773197410519E-4 3.3112582781456916E-4 0.009260361634050163 
0.003963795255930086 3.968253968253962E-4 0.006639022650258604 0.16715266630996978 3.968253968253962E-4 0.009760121276975207 3.968253968253962E-4 0.014664704833244157 3.968253968253962E-4 0.03562065275548421 0.008868378812199033 0.008868378812199035 0.005301408953094346 3.968253968253962E-4 3.968253968253962E-4 0.004409666488318173 3.968253968253962E-4 3.968253968253962E-4 0.001734439093989655 0.7298421615837346 
6.408777883950032E-4 3.1137764011993714E-4 8.056278625325389E-4 0.39225180401331183 3.113776401199371E-4 3.113776401199378E-4 0.10954067679330451 0.001464628159082673 4.761277142574703E-4 0.19142146363965867 0.0044301294935582556 0.00838413127285906 0.0026178786780454086 1.4662756598240488E-4 0.10476292464331599 1.4662756598240488E-4 3.1137764011993747E-4 3.113776401199373E-4 0.163743451184553 0.01761013542456096 
3.968253968253962E-4 3.968253968253962E-4 8.426966292134823E-4 0.8609283039058319 3.968253968253962E-4 3.968253968253962E-4 8.426966292134825E-4 8.42696629213482E-4 3.968253968253962E-4 3.968253968253962E-4 3.968253968253962E-4 3.968253968253962E-4 0.0012885678616015687 0.0017344390939896545 3.968253968253962E-4 0.0017344390939896545 3.968253968253962E-4 3.968253968253962E-4 0.10562243624041381 0.021798644551453538 
0.0024489415854491306 2.762430939226523E-4 0.0015177850890806391 0.19643987832888446 2.762430939226523E-4 2.762430939226523E-4 2.762430939226523E-4 0.0021385560866596324 0.007415109566081063 8.970140915016455E-4 0.39756968154447825 0.22716804270904464 0.001207399590291141 2.762430939226523E-4 2.762430939226523E-4 0.0018281705878701374 2.762430939226523E-4 0.0012073995902911446 5.866285927121468E-4 0.1576416909801974 
0.00262846649444427 0.019280089638644256 0.008542127050328368 0.7935027545208377 0.00434031560272652 7.609947399545552E-4 0.0756154875657506 1.3850415512465378E-4 6.053720937470821E-4 0.05927510971396552 0.010098353512403119 0.012588315851722747 7.60994739954557E-4 0.00854212705032836 1.3850415512465378E-4 2.941268013321299E-4 1.3850415512465378E-4 1.3850415512465378E-4 0.0018503532634068893 7.609947399545552E-4 
0.40570668243642805 2.92397660818713E-4 2.92397660818713E-4 0.2752776135094289 6.209343583678285E-4 2.92397660818713E-4 0.25096589789079454 2.92397660818713E-4 2.92397660818713E-4 0.0016065444510151748 0.0035777646363098765 0.0055489848216045785 2.92397660818713E-4 2.92397660818713E-4 2.92397660818713E-4 6.209343583678283E-4 2.92397660818713E-4 6.209343583678291E-4 2.92397660818713E-4 0.05252973257112822 
5.812216112837651E-4 1.3297872340425548E-4 0.0016271216830026324 0.5942042194597177 2.8239301936409293E-4 1.3297872340425548E-4 0.001776535978962469 1.3297872340425548E-4 4.318073153239298E-4 0.00850017929715513 1.3297872340425548E-4 1.3297872340425548E-4 1.3297872340425548E-4 1.3297872340425548E-4 2.823930193640929E-4 2.823930193640929E-4 1.3297872340425548E-4 0.11682554386803733 2.8239301936409293E-4 0.2738599689218265 
5.559150538266955E-4 0.001144184952056009 2.617801047120417E-4 0.6526530972410142 2.617801047120417E-4 2.617801047120417E-4 2.617801047120417E-4 0.005850344137890468 2.617801047120417E-4 2.617801047120417E-4 5.559150538266947E-4 2.617801047120417E-4 2.617801047120417E-4 5.559150538266954E-4 0.0014383199011706574 5.559150538266955E-4 5.559150538266949E-4 2.617801047120417E-4 0.0023207247485146124 0.3314577328078121 
0.004069478025885365 0.00424726212487555 1.582278481012662E-4 0.21687704451713824 1.582278481012662E-4 6.915801450718254E-4 1.582278481012662E-4 1.582278481012662E-4 5.137960460816392E-4 0.04318197980372635 1.582278481012662E-4 1.582278481012662E-4 3.360119470914525E-4 0.0024694211349736888 1.582278481012662E-4 0.11767351728061448 1.582278481012662E-4 0.0017582847390129432 0.12354039254729057 0.4833754089034273 
0.001316501962907807 0.011469473399214829 6.396372004873436E-4 0.7133782320292399 3.012048192771081E-4 6.396372004873445E-4 3.012048192771081E-4 3.012048192771081E-4 6.396372004873431E-4 3.012048192771081E-4 0.26630905645052116 3.012048192771081E-4 3.012048192771081E-4 3.012048192771081E-4 3.012048192771081E-4 3.012048192771081E-4 3.012048192771081E-4 9.780695816975762E-4 3.012048192771081E-4 0.0013165019629078098 
1.5105740181268863E-4 0.03630299738619791 4.905122373468218E-4 0.8080535659730473 3.2078481957975515E-4 1.5105740181268863E-4 4.905122373468219E-4 8.299670728809546E-4 1.5105740181268863E-4 4.905122373468224E-4 4.90512237346822E-4 1.5105740181268863E-4 4.905122373468216E-4 0.1478139108591601 1.5105740181268863E-4 3.207848195797559E-4 1.5105740181268863E-4 1.5105740181268863E-4 6.602396551138882E-4 0.002187786415017481 
0.3759863381001022 2.840909090909085E-4 2.840909090909085E-4 0.2115966547497446 2.840909090909085E-4 0.03060840143003064 0.005072139938712973 2.840909090909085E-4 9.224974463738524E-4 6.032941777323794E-4 0.0031569203268641626 6.032941777323794E-4 2.840909090909085E-4 2.840909090909085E-4 2.840909090909085E-4 0.0028377170582226715 2.840909090909085E-4 2.840909090909085E-4 6.032941777323784E-4 0.3654526302349336 
1.0615711252653927E-4 4.6399007609914354E-4 2.254347670507407E-4 0.729011903909922 2.254347670507407E-4 2.254347670507407E-4 1.0615711252653927E-4 0.019071304181874544 2.254347670507407E-4 1.0615711252653927E-4 2.254347670507407E-4 1.0615711252653927E-4 0.0016567666213411578 0.1492032252677784 1.0615711252653927E-4 0.0979138338223717 2.254347670507407E-4 1.0615711252653927E-4 2.254347670507407E-4 4.6399007609914354E-4 
0.013362447331460681 4.1476474719101184E-4 4.1476474719101184E-4 0.7976847787921334 0.003706548455056174 1.9531249999999966E-4 0.0019509304775280787 6.342169943820236E-4 6.342169943820234E-4 1.9531249999999966E-4 6.342169943820232E-4 0.0030481917134831424 1.9531249999999966E-4 1.9531249999999966E-4 1.9531249999999966E-4 0.0017314782303370787 1.9531249999999966E-4 0.11540774227528094 0.057472349016853816 0.0017314782303370735 
4.6904315196998205E-5 0.15809863608575578 4.6904315196998205E-5 0.5801320699032398 4.6904315196998205E-5 0.001311739781183462 4.6904315196998205E-5 2.0500874844530593E-4 4.6904315196998205E-5 3.631131816936148E-4 9.960579294643409E-5 0.01996806290448381 9.96057929464342E-5 6.793220481902336E-4 9.960579294643409E-5 0.002049560469675566 4.6904315196998205E-5 4.6904315196998205E-5 0.05364430718637354 0.1829210321057403 
4.955540268541876E-4 0.00253382251777116 3.681622461718776E-4 0.5024191699151572 0.0049542663507350536 1.1337868480725628E-4 3.6816224617187694E-4 1.1337868480725628E-4 0.0012599047109480466 1.1337868480725628E-4 1.1337868480725628E-4 0.019986496471247686 3.681622461718776E-4 2.4077046548956715E-4 2.4077046548956702E-4 1.1337868480725628E-4 1.1337868480725628E-4 0.003680348543911948 1.1337868480725628E-4 0.4622907590002293 
2.3807124502443742E-4 0.03109915856300698 1.1210762331838557E-4 0.8923124401672796 1.1210762331838557E-4 0.0041429435179120245 1.1210762331838557E-4 1.1210762331838557E-4 1.1210762331838557E-4 2.3807124502443742E-4 2.3807124502443747E-4 1.1210762331838557E-4 0.0016236710837909992 0.004016979896205969 2.380712450244372E-4 0.03198090391494936 1.1210762331838557E-4 1.1210762331838557E-4 6.159621101425894E-4 0.03235879478006751 
0.3554775280898879 6.578947368421059E-4 0.0013971023063276175 6.578947368421059E-4 6.578947368421059E-4 6.578947368421059E-4 6.578947368421059E-4 6.578947368421059E-4 6.578947368421059E-4 6.578947368421059E-4 0.002136309875813129 0.0043539325842696566 6.578947368421059E-4 6.578947368421059E-4 6.578947368421059E-4 0.0013971023063276185 6.578947368421059E-4 6.578947368421059E-4 0.5979376108811355 0.02874778237729158 
1.082362643026495E-4 2.2277199372344267E-4 5.096839959225274E-5 0.40751182581406253 1.082362643026495E-4 5.096839959225274E-5 5.096839959225274E-5 5.096839959225274E-5 1.0823626430264933E-4 1.0823626430264925E-4 0.003086165229243261 2.2277199372344226E-4 5.096839959225274E-5 1.082362643026495E-4 2.2277199372344275E-4 5.096839959225274E-5 5.096839959225274E-5 0.0019980757997457373 5.096839959225274E-5 0.5857866886575267 
0.0027153558052434483 0.08447291495386865 2.0325203252032537E-4 0.41195989768886493 2.0325203252032537E-4 6.5999817301544E-4 2.0325203252032537E-4 2.0325203252032537E-4 0.0015734904540056637 0.2351991413172558 0.25483922535854575 6.599981730154397E-4 2.0325203252032537E-4 2.0325203252032537E-4 4.316251027678823E-4 0.0029437288754910057 2.0325203252032537E-4 2.0325203252032537E-4 6.599981730154386E-4 0.0022586096647483306 
1.5337423312883472E-4 0.08683566554077345 1.5337423312883472E-4 0.8528451781898397 3.257048321499964E-4 1.5337423312883472E-4 8.426966292134823E-4 3.2570483214999573E-4 6.703660301923207E-4 1.5337423312883472E-4 1.5337423312883472E-4 3.257048321499961E-4 1.5337423312883472E-4 1.5337423312883472E-4 1.5337423312883472E-4 0.0011873578272558068 1.5337423312883472E-4 1.5337423312883472E-4 3.2570483214999573E-4 0.0547821741228373 
5.910165484633576E-5 1.2550800860626352E-4 5.910165484633576E-5 0.8907011182829971 6.567588386856856E-4 0.0025161367439636563 5.910165484633576E-5 6.567588386856856E-4 5.910165484633576E-5 1.2550800860626352E-4 3.247270698860468E-4 5.910165484633576E-5 5.910165484633576E-5 0.020113820490344516 7.89571546205541E-4 3.247270698860468E-4 5.910165484633576E-5 1.2550800860626352E-4 0.008957553058676659 0.07416859245092566 
1.2404179355245189E-4 0.08393429066470653 6.490864223459E-4 0.2588397826315237 1.8967237215163348E-4 5.841121495327094E-5 1.8967237215163302E-4 5.841121495327094E-5 5.841121495327094E-5 0.002158589730127059 0.23291570408484727 5.17825265147538E-4 1.240417935524524E-4 5.841121495327094E-5 5.841121495327094E-5 3.2093352934999496E-4 1.8967237215163337E-4 4.5219468654835707E-4 0.02545744513283631 0.39364499107424145 
4.931428858487246E-4 0.0026700045211741686 7.451564828614006E-5 0.7340955139905225 0.0019164754935615143 0.0013303973609738971 0.0014978482559989312 7.451564828614006E-5 1.5824109579865738E-4 0.001330397360973898 7.451564828614006E-5 0.007944707714462729 7.451564828614006E-5 0.11201543897252131 7.451564828614006E-5 0.006270198764212379 7.451564828614006E-5 7.451564828614006E-5 0.001749024598536483 0.12800699944741203 
1.879699248120302E-4 0.06460462955140664 1.879699248120302E-4 0.7765671200473089 1.879699248120302E-4 1.879699248120302E-4 6.103742502323221E-4 1.879699248120302E-4 0.15415434654050855 1.879699248120302E-4 6.103742502323217E-4 1.879699248120302E-4 1.879699248120302E-4 1.879699248120302E-4 1.879699248120302E-4 1.879699248120302E-4 1.879699248120302E-4 8.215764129424674E-4 1.879699248120302E-4 1.879699248120302E-4 
2.982577957328615E-4 0.12023260951900014 1.4044943820224737E-4 0.6323207297058452 2.982577957328612E-4 1.4044943820224737E-4 1.4044943820224737E-4 2.982577957328614E-4 1.4044943820224737E-4 1.4044943820224737E-4 1.4044943820224737E-4 1.4044943820224737E-4 4.56066153263476E-4 0.12796521903800023 2.982577957328612E-4 0.11628740058073471 1.4044943820224737E-4 1.4044943820224737E-4 1.4044943820224737E-4 1.4044943820224737E-4 
6.7024128686327E-5 0.009555833358435992 6.7024128686327E-5 0.9161889628580892 1.423321384462452E-4 5.188721872458339E-4 1.4233213844624528E-4 6.7024128686327E-5 6.7024128686327E-5 1.4233213844624574E-4 6.7024128686327E-5 0.0060163568997198495 1.4233213844624568E-4 0.007673133114438051 6.7024128686327E-5 6.7024128686327E-5 6.7024128686327E-5 6.7024128686327E-5 2.1764014820616382E-4 0.05865665572190255 
3.5218991445075507E-4 0.048976333812669075 1.0845986984815633E-4 0.9148273172633992 0.0014489751151624426 2.3032489214945553E-4 0.02618757464232612 2.303248921494555E-4 0.0014489751151624444 4.740549367520541E-4 1.0845986984815633E-4 1.0845986984815633E-4 0.0012052450705598485 3.521899144507549E-4 8.396500036559514E-4 3.5218991445075474E-4 1.0845986984815633E-4 1.0845986984815633E-4 8.39650003655951E-4 0.0016927051597650353 
0.001549924296756714 3.546099290780145E-4 3.546099290780145E-4 0.8904653757271491 7.53048051637581E-4 0.0031436767869949763 0.022268706669854185 3.546099290780145E-4 0.0011514861741971476 0.014698382341222456 3.546099290780145E-4 0.0031436767869949707 3.546099290780145E-4 0.0011514861741971478 0.002745238664435414 0.02107339230217553 0.0011514861741971476 7.530480516375811E-4 0.02585464977289028 0.00832337238026932 
1.2700930057523829E-4 0.0034198430191925296 5.980861244019126E-5 0.5567503091231658 1.270093005752383E-4 0.0012022203107359812 5.980861244019126E-5 5.980861244019126E-5 5.980861244019126E-5 5.980861244019126E-5 1.2700930057523834E-4 5.980861244019126E-5 1.9420998871028425E-4 0.1618118649534971 5.980861244019126E-5 0.0011350196226009347 1.2700930057523829E-4 5.980861244019126E-5 0.0028150368259771043 0.2716849900542982 
2.074688796680494E-4 9.068021819199025E-4 2.074688796680494E-4 0.7750687677747216 6.736910811692848E-4 9.068021819199026E-4 2.074688796680494E-4 0.0013730243834211378 2.074688796680494E-4 0.006734579700685347 2.074688796680494E-4 2.074688796680494E-4 9.068021819199023E-4 0.008133246305189053 2.074688796680494E-4 0.0013730243834211378 2.074688796680494E-4 2.074688796680494E-4 0.004170357592428549 0.19788568231619197 
7.09262784888136E-4 0.1045400521630039 1.0399586217521932E-4 0.2373136052999373 2.1404439357756812E-4 4.897159647404508E-5 1.0399586217521933E-4 4.897159647404508E-5 4.897159647404508E-5 4.897159647404508E-5 0.07702791931241679 4.897159647404508E-5 4.897159647404508E-5 0.09711177629334537 4.897159647404508E-5 1.590201278763936E-4 1.0399586217521937E-4 1.0399586217521936E-4 4.897159647404508E-5 0.48211656340446146 
3.9917208752217624E-4 0.005045619667145385 3.9917208752217624E-4 0.3497275492101044 1.879699248120302E-4 6.103742502323216E-4 0.0012439807383627596 1.879699248120302E-4 6.103742502323213E-4 6.103742502323216E-4 0.008847258595928036 1.879699248120302E-4 1.879699248120302E-4 0.008424854270507742 1.879699248120302E-4 3.9917208752217505E-4 1.879699248120302E-4 3.991720875221764E-4 0.6010581228351779 0.021096984033116502 
1.0845986984815633E-4 0.001814570182066341 1.0845986984815633E-4 0.6002936947037463 7.17784981354652E-4 9.615150259572503E-4 0.029112335177557267 0.006932901118720899 1.0845986984815633E-4 0.01924126837115213 0.017169562992030048 7.177849813546522E-4 1.0845986984815633E-4 1.0845986984815633E-4 1.0845986984815633E-4 0.03703356162714171 1.0845986984815633E-4 0.10089083331302244 2.3032489214945578E-4 0.18412464354480979 
0.003958831281971085 0.005075725422744417 4.970178926441348E-5 0.2181791274822972 4.406147385350826E-4 0.0032328500904684272 4.970178926441348E-5 4.970178926441348E-5 0.22677921236625184 0.37683394017914984 0.010492662005495125 4.970178926441348E-5 5.523041526124174E-4 0.007197824290213784 1.6139120334174724E-4 0.1243041749502983 1.6139120334174724E-4 0.021214845756919162 4.964594455737495E-4 7.198382737284179E-4 
0.0012417007150153255 0.012094611848825322 6.032941777323794E-4 0.45674476506639416 2.840909090909085E-4 0.0015609039836567936 6.032941777323793E-4 2.840909090909085E-4 9.224974463738549E-4 6.032941777323794E-4 0.2633075842696629 2.840909090909085E-4 2.840909090909085E-4 6.032941777323794E-4 2.840909090909085E-4 0.00347612359550563 9.224974463738549E-4 0.036992466802860204 0.0012417007150153253 0.21766151685393265 
3.1182644849443367E-4 0.002798785853664753 5.675368898978424E-5 0.21170337588797214 1.2052187886594689E-4 5.675368898978424E-5 5.668992079990808E-4 5.675368898978424E-5 5.675368898978424E-5 5.675368898978424E-5 0.2711990970424312 1.8429006874210905E-4 5.675368898978424E-5 3.755946383705956E-4 5.675368898978424E-5 5.66899207999081E-4 5.675368898978424E-5 0.004392990600568804 0.046543764108712034 0.4607819255442616 
1.9920318725099597E-4 1.9920318725099597E-4 1.9920318725099597E-4 0.5812458033036397 1.9920318725099597E-4 0.0010944984108509782 1.9920318725099597E-4 4.230269931509907E-4 4.2302699315099147E-4 1.9920318725099597E-4 1.9920318725099597E-4 6.468507990509857E-4 1.9920318725099597E-4 6.468507990509855E-4 1.9920318725099597E-4 1.9920318725099597E-4 1.9920318725099597E-4 1.9920318725099597E-4 1.9920318725099597E-4 0.41293030126684277 
2.1186440677966112E-4 0.013066558750714148 2.1186440677966112E-4 0.9807393829746706 2.1186440677966112E-4 2.1186440677966112E-4 4.499143020377056E-4 2.1186440677966112E-4 0.001640163778327947 2.1186440677966112E-4 2.1186440677966112E-4 4.499143020377064E-4 2.1186440677966112E-4 4.4991430203770603E-4 2.1186440677966112E-4 2.1186440677966112E-4 4.4991430203770554E-4 2.1186440677966112E-4 2.1186440677966112E-4 2.1186440677966112E-4 
1.9157088122605375E-4 4.068190623789229E-4 1.9157088122605375E-4 0.8898123035860344 0.0010525636058375302 0.00148305996814327 0.029680571699169062 1.9157088122605375E-4 1.9157088122605375E-4 4.0681906237892223E-4 6.220672435317913E-4 8.373154246846605E-4 0.03333979077876789 0.007940505402729345 4.068190623789226E-4 0.0010525636058375295 1.9157088122605375E-4 1.9157088122605375E-4 6.220672435317915E-4 0.03118730896723923 
0.0034928437667201707 1.4880952380952366E-4 1.4880952380952366E-4 0.7642606340288929 1.4880952380952366E-4 1.4880952380952366E-4 3.1601123595505605E-4 1.4880952380952366E-4 1.4880952380952366E-4 0.0019880283574103793 1.4880952380952366E-4 6.504146602461208E-4 0.01820659443552702 3.160112359550559E-4 1.4880952380952366E-4 0.16200006688068483 1.4880952380952366E-4 3.1601123595505605E-4 0.036097177635098995 0.011016920813269146 
8.356032232436732E-4 0.002963625014186808 6.937351038474637E-4 0.4677235841561687 0.01090823970037452 0.0011193394620360917 0.0016868119396209178 1.2626262626262648E-4 1.2626262626262648E-4 1.2626262626262648E-4 4.099988650550452E-4 5.518669844512545E-4 0.10936471456134379 1.2626262626262648E-4 2.681307456588358E-4 0.23662041765974348 1.2626262626262648E-4 4.0999886505504546E-4 0.008780217909431384 0.15703240267847016 
1.1224077725253545E-4 4.091740504073922E-4 2.9040074114544917E-4 0.30500332565265925 5.285412262156454E-5 5.285412262156454E-5 5.279473596693348E-4 1.1224077725253548E-4 5.285412262156454E-5 0.002725253581015274 0.13539504002660524 5.285412262156454E-5 5.285412262156454E-5 4.0917405040739164E-4 5.285412262156454E-5 2.3101408651447813E-4 1.1224077725253545E-4 2.904007411454491E-4 0.01175202508492291 0.5423123975580206 
3.012048192771081E-4 3.012048192771081E-4 3.012048192771081E-4 0.991231217002843 3.012048192771081E-4 3.012048192771081E-4 6.396372004873438E-4 0.0013165019629078098 3.012048192771081E-4 3.012048192771081E-4 3.012048192771081E-4 3.012048192771081E-4 0.0013165019629078083 3.012048192771081E-4 6.396372004873447E-4 6.396372004873434E-4 3.012048192771081E-4 3.012048192771081E-4 3.012048192771081E-4 3.012048192771081E-4 
1.0607370157931936E-4 0.009478723523667345 1.0607370157931936E-4 0.25429009193054136 4.995004995005007E-5 4.995004995005007E-5 1.621973532085887E-4 1.62197353208589E-4 1.62197353208589E-4 1.6219735320858883E-4 0.059933886338380704 1.0607370157931938E-4 4.995004995005007E-5 3.8669195972566855E-4 0.01638193267406748 0.028336270471101935 4.995004995005007E-5 0.024575985811940853 1.6219735320858897E-4 0.6052874092199939 
4.235258252765426E-4 0.005214049298841573 9.689922480620163E-5 0.09590736869610658 2.0577475829631648E-4 9.689922480620163E-5 3.1465029178643055E-4 9.689922480620163E-5 9.689922480620163E-5 9.689922480620163E-5 0.006847182301193236 2.0577475829631643E-4 3.146502917864302E-4 8.590279592369984E-4 9.689922480620163E-5 8.59027959236998E-4 9.689922480620163E-5 9.689922480620163E-5 0.714647025520425 0.17342674854106788 
6.806395851339668E-4 3.2051282051282013E-4 6.806395851339662E-4 0.8660652549697491 6.806395851339668E-4 6.806395851339664E-4 3.2051282051282013E-4 3.2051282051282013E-4 3.2051282051282013E-4 3.2051282051282013E-4 6.806395851339665E-4 3.2051282051282013E-4 6.806395851339663E-4 0.0014008931143762596 3.2051282051282013E-4 3.2051282051282013E-4 0.0010407663497551136 3.2051282051282013E-4 6.806395851339667E-4 0.12384399308556611 
9.153428903525772E-4 0.11036904300658663 4.3103448275862133E-4 0.831504261913987 4.3103448275862133E-4 4.3103448275862133E-4 4.3103448275862133E-4 9.153428903525772E-4 0.0038211933359163027 0.00478981015110422 4.3103448275862133E-4 4.3103448275862133E-4 4.3103448275862133E-4 0.010117202634637728 4.3103448275862133E-4 0.013991669895389431 4.3103448275862133E-4 9.153428903525771E-4 4.3103448275862133E-4 0.018350445563735055 
0.001590107258738681 0.03591432052935091 0.0019443303059070202 0.22057079501820717 6.691273361009966E-4 1.3779276534848467E-4 0.02015139493035976 3.152585119798241E-5 0.0027944656191110384 0.013456579338878115 0.5460663530611956 7.753942502514988E-4 4.92015812516826E-4 0.0018026410870396847 2.794819842158205E-4 6.694815591481624E-5 1.732150700653189E-4 0.0014838403445881763 0.013208623205860295 0.13839104807515196 
