0.9910533870038658 4.3196543317195797E-4 7.218751263445383E-4 7.218751263445386E-4 7.218751263445381E-4 4.3196543317195797E-4 4.3196543317195797E-4 4.3196543317195797E-4 7.218751263445384E-4 4.3196543317195797E-4 4.3196543317195797E-4 0.0018815138990348438 4.3196543317195797E-4 7.218751263445347E-4 4.3196543317195797E-4 
0.602150508849639 4.009877307484564E-4 2.2237404089422874E-4 9.368288003111387E-4 1.3306719596711502E-4 4.902945756755713E-4 0.042107284311710375 1.3306719596711502E-4 1.3306719596711502E-4 0.0023657383191449557 0.3414638285073948 0.003348113613343201 0.004687716287249881 0.0012940561800195928 1.3306719596711502E-4 
0.0593752589258196 0.001375424623626933 8.230452493203358E-4 8.230452493203358E-4 8.230452493203358E-4 8.230452493203358E-4 0.009661115238225864 0.0013754246236269325 0.0013754246236269325 8.230452493203358E-4 0.002480183372240117 0.8978871491232334 0.0196039439757446 0.001927803997933526 8.230452493203358E-4 
0.17477633135399925 2.688883213734068E-4 0.04303185084669514 5.928501586864483E-4 9.168119959994957E-4 2.6888832137340776E-4 0.04897115119743436 4.848628795821027E-4 0.016251005628816872 0.04022418158998214 1.609010422690589E-4 0.6731376244205644 2.688883213734071E-4 3.7687560047775507E-4 2.688883213734077E-4 
0.2973341368110345 0.003943732195510228 6.19195032728087E-4 0.001450329323423623 0.002697030759466917 6.19195032728087E-4 0.4128618032177136 6.19195032728087E-4 0.005190433631553543 0.0700189083058053 0.08747272841041154 0.11116005569523431 0.0018658964687713897 0.00352816505016246 6.19195032728087E-4 
0.16867691061808393 0.024673668143817825 3.552397789582106E-4 3.552397789582106E-4 5.936557433195785E-4 0.0020241515294877705 3.552397789582106E-4 3.552397789582106E-4 0.0010704876720423143 3.552397789582106E-4 3.552397789582106E-4 0.7847437625278587 0.015137029569362987 3.552397789582106E-4 5.936557433195785E-4 
0.2307233408086982 0.021923937355203413 3.316749511639993E-4 3.316749511639993E-4 3.316749511639993E-4 0.012574710334897694 5.542755945046121E-4 3.316749511639993E-4 0.1819737999171039 3.316749511639993E-4 3.316749511639993E-4 0.5410286376255128 5.542755945046122E-4 3.316749511639993E-4 0.008345298111426055 
0.7903016837228284 0.13042251949574138 1.511715763717223E-4 1.511715763717223E-4 1.511715763717223E-4 0.004513841327565549 4.5554388459454696E-4 6.584587567430977E-4 0.06802619631006186 4.555438845945466E-4 5.570013206688231E-4 0.0026876074782286124 1.511715763717223E-4 6.584587567430973E-4 6.584587567430978E-4 
0.15564380147965456 2.2976918006231337E-4 6.391574771965735E-4 0.002072016517166472 6.903310143383548E-4 0.5657997016710389 2.809427172040938E-4 7.624856863696677E-5 0.06455490536728242 0.021671481242468964 7.624856863696677E-5 0.004630693374255581 1.785956429205317E-4 0.1833798586105007 7.624856863696677E-5 
0.9017716827174954 2.2413985826645225E-5 2.2413985826645225E-5 5.18831132680345E-4 3.2327286270767726E-4 1.7284342426716038E-4 3.082299188636255E-4 3.533587503957804E-4 0.07595919451059865 2.2413985826645225E-5 9.762870504690274E-5 0.018796007903202953 9.762870504690262E-5 0.0010904629987543025 4.4361641346008895E-4 
0.39458557125567045 9.246416807020412E-5 5.268595982437484E-4 9.246416807020412E-5 6.50972578293332E-4 0.08057973173022497 9.246416807020412E-5 9.246416807020412E-5 5.889160882685418E-4 9.246416807020412E-5 0.0339132512315817 0.4882288147030813 2.165771481197874E-4 1.5452065809499577E-4 9.246416807020412E-5 
0.7368440071331126 2.194538302454564E-4 1.313197606949818E-4 0.0011889285953006763 1.313197606949818E-4 0.0018940011517044701 3.957219693464069E-4 0.001012660456199728 0.001453330803952096 0.0052430957946225055 2.1945383024545633E-4 0.24505589904146416 1.313197606949818E-4 0.005595632072824428 4.8385603889688036E-4 
0.6388991296214223 3.5443073539011906E-4 3.544307353901186E-4 2.120890726870348E-4 2.120890726870348E-4 2.120890726870348E-4 2.120890726870348E-4 4.967723980932023E-4 0.2319443159533073 4.967723980932022E-4 2.120890726870348E-4 0.12547275225140064 2.120890726870348E-4 3.544307353901185E-4 3.544307353901184E-4 
0.7678229232609828 4.3196543317195797E-4 4.3196543317195797E-4 7.218751263445384E-4 4.3196543317195797E-4 4.3196543317195797E-4 7.21875126344535E-4 4.3196543317195797E-4 0.0013016945126896827 4.3196543317195797E-4 0.0010117848195171115 0.22395233886922894 4.3196543317195797E-4 0.0010117848195171108 4.3196543317195797E-4 
0.13078504906561403 1.51715017457689E-4 2.735744708608199E-4 2.1264474415925435E-4 9.07852907561234E-5 0.331304779640466 9.07852907561234E-5 1.5171501745768885E-4 0.19537055936927336 4.563636509655164E-4 9.07852907561234E-5 0.28243913882581057 9.07852907561234E-5 0.058156814837348074 3.345041975623853E-4 
0.639055148245869 3.9647471349430694E-4 0.001351835481680355 7.14928302889657E-4 2.3724791879663185E-4 3.9647471349430694E-4 2.3724791879663185E-4 2.3724791879663185E-4 7.149283028896571E-4 2.3724791879663185E-4 2.3724791879663185E-4 0.3532430517635422 2.3724791879663185E-4 0.0024664230445640843 2.3724791879663185E-4 
9.612550284172903E-4 0.15386844644950398 9.246416807020412E-5 6.509725782933339E-4 2.165771481197874E-4 5.889160882685387E-4 0.017344168394962264 3.406901281693706E-4 0.008097751381268309 2.165771481197874E-4 1.5452065809499577E-4 0.7960290052260471 1.5452065809499574E-4 0.0018921023787891568 0.019392032565780384 
0.8818777380334254 5.455068492040187E-4 1.0851871705747613E-4 1.0851871705747613E-4 1.0851871705747613E-4 0.0011281576920660783 1.0851871705747613E-4 2.5418142777299197E-4 0.0017108085349281342 0.10819025006796937 0.0017108085349281357 0.0035315924188720695 1.0851871705747613E-4 1.0851871705747613E-4 3.998441384885067E-4 
0.16527938675329676 9.510223277985225E-5 0.007116072594934747 9.510223277985225E-5 4.142372492414372E-4 0.4091623663332409 9.510223277985225E-5 5.418912558260709E-4 0.0012439882920415608 0.03494464603038492 9.510223277985225E-5 0.32159171781618134 2.2275623936448568E-4 9.510223277985225E-5 0.05900742627158862 
0.2970694255710051 0.0033430697032807775 0.005870067704167106 6.674247611658868E-4 2.2148393748007035E-4 0.19286791976975273 3.701308787086757E-4 3.7013087870867373E-4 8.160717023944929E-4 2.2148393748007035E-4 5.187778199372805E-4 0.4195545051433755 6.67424761165887E-4 0.005126832998024051 0.07231525043335368 
0.48503941067780454 1.0970926798519392E-4 0.003864858793023249 0.0013614257763312264 4.042307993607303E-4 0.003938489175867129 0.0020977296047700613 0.003423076495959973 0.00342307649595995 6.251219478923795E-4 4.7786118220461316E-4 0.4471197635132043 0.04715952390522702 2.569700336729623E-4 6.987523307362632E-4 
0.8991509069110942 3.1991955018304197E-4 0.004016986790068317 1.2274263072249174E-4 1.2274263072249172E-4 0.05858569925077508 7.344840085735456E-5 0.0015522752968114679 0.007664759800088482 5.663906995087257E-4 7.344840085735456E-5 0.02738245174614336 1.2274263072249174E-4 7.344840085735456E-5 1.720368605876289E-4 
0.8756649673653356 6.02545173546939E-4 0.0011513112730024732 1.6353229398251634E-4 0.059649777474961974 8.220516133291488E-4 0.005321933628864495 0.010041322084182049 0.04263802839184074 2.7328551387362097E-4 0.0017000773724580012 8.220516133291494E-4 6.025451735469377E-4 3.830387337647254E-4 1.6353229398251634E-4 
0.28933879599666706 0.015887388605443815 0.003878057460784559 1.5835312394320644E-4 0.004621998328152821 0.08751826640633159 2.6463039071010323E-4 2.646303907101032E-4 1.5835312394320644E-4 0.0010085712580783764 0.07901608506498004 0.5133712743412835 5.834621910107885E-4 0.0034529483937169782 4.771849242438931E-4 
0.45506643442981665 2.206577349898139E-4 4.103348728942456E-4 1.5743202235500312E-4 1.5743202235500318E-4 0.4190277782279746 1.5743202235500342E-4 0.0010425919992423508 0.015647731617883572 6.00012010798677E-4 2.2065773498981396E-4 0.10656630638674106 1.5743202235500345E-4 1.5743202235500337E-4 4.1033487289424565E-4 
0.4413208694743515 6.911695599195331E-4 1.0851871705747613E-4 3.998441384885061E-4 3.2701278313074933E-4 6.911695599195345E-4 6.183382045617763E-4 0.062233664837224534 0.007464485608190982 2.5418142777299164E-4 2.5418142777299197E-4 0.48458269455685965 1.0851871705747613E-4 3.27012783130749E-4 6.18338204561778E-4 
0.17920556989790942 0.3206406403993225 0.0026369468515592266 3.204488815633779E-4 1.9175454989694187E-4 0.20661746254286034 1.9175454989694187E-4 5.778375448962488E-4 7.065318765626833E-4 4.4914321322981374E-4 1.9175454989694187E-4 0.28769489149271527 1.9175454989694187E-4 1.9175454989694187E-4 1.9175454989694187E-4 
0.35606253474086946 0.019743287603523077 0.0012997197970691355 1.9625847531548748E-4 1.1743980947594034E-4 0.001063263799550502 0.00248199978466234 0.002403181118822791 2.750771411550348E-4 0.0021667251213041503 0.0024031811188227918 0.5642226312231129 0.04709336464984587 1.962584753154881E-4 2.7507714115503464E-4 
0.6748803902788223 2.3912734975102993E-4 0.0011971105740085839 5.489980662457676E-5 9.17453152498674E-5 5.489980662457676E-5 9.17453152498674E-5 0.0014181836257603283 0.0015655656602614886 5.489980662457676E-5 0.025588837283950974 0.29452420473994734 5.489980662457676E-5 1.2859082387515802E-4 5.489980662457676E-5 
0.6641456261647848 5.197949976422523E-4 0.004903608289403828 3.1104198374884645E-4 0.29945411089300206 5.19794997642254E-4 9.373010254290682E-4 3.1104198374884645E-4 0.012001210761779697 0.0011460540393224748 0.008661162539485175 0.003651090206043383 0.0023985721226829388 5.197949976422528E-4 5.197949976422536E-4 
0.12602670392453547 0.0025286727945902023 0.029252836907955385 0.019130047471074652 9.090264846892825E-4 0.09100185247292784 0.03228967373901963 3.0165911847643967E-4 0.001718849639639745 0.07703240305003228 3.0165911847643967E-4 0.6141476105709254 0.001921305428377361 5.041149072140529E-4 0.0029335843720654383 
0.9734526473142812 1.985907210115461E-4 0.0013949203816604806 5.973672745611889E-4 0.002591250042309422 0.0017139416245001995 2.7834603172147544E-4 1.1883541030161646E-4 0.003628069081538504 1.1883541030161646E-4 0.006020728402836396 0.00785510054916477 0.0015544310030803398 1.1883541030161646E-4 3.581013424314047E-4 
0.01943104416221459 2.0519332955862345E-4 0.1145019946099355 0.00473238144611675 0.0013222916959820604 0.17752986033656312 0.035540778499057867 6.167558856093633E-4 1.4639867869423203E-4 0.02431100018395899 0.005555506558218229 0.6133746071942969 4.403719330161891E-4 0.0022042114589479276 8.760402782984063E-5 
0.05223369571512069 1.1607660797297412E-4 1.9398037345451035E-4 4.276916698991201E-4 8.172104973067997E-4 0.009854047293165002 8.95114262788334E-4 3.4978790441758374E-4 3.4978790441758347E-4 1.1607660797297412E-4 1.9398037345451038E-4 0.9336368983732214 1.9398037345451014E-4 1.9398037345451035E-4 4.276916698991201E-4 
0.26407303274937505 0.0023132942992758225 0.0023132942992758303 4.4217502517805783E-4 1.467351397941978E-4 0.28613254419136996 3.4369506338343726E-4 0.00851753189233688 0.3821505069411242 0.001230014719535009 0.0041844135733736226 0.04584143741249781 0.0017224145285081047 1.467351397941978E-4 4.421750251780582E-4 
0.8831686308146922 2.924131088965208E-4 4.0984809395980867E-4 0.021665580390414906 0.009334906958769647 0.07862154814610926 8.795880342129585E-4 1.7497812383323208E-4 0.003228287735478697 1.7497812383323208E-4 1.7497812383323208E-4 9.970230192762465E-4 2.92413108896521E-4 2.924131088965197E-4 2.924131088965206E-4 
0.0010588740639703726 1.662510353622609E-4 2.77828913938275E-4 2.77828913938275E-4 0.13718388592670744 0.853067554870414 0.0025093864854585585 3.8940679251428913E-4 1.662510353622609E-4 9.472961853943537E-4 8.357183068183455E-4 0.0015051855782744212 3.8940679251428913E-4 6.125625496663173E-4 6.125625496663173E-4 
0.03660160129782981 0.060308296794308595 8.2205161332915E-4 1.6353229398251634E-4 6.02545173546938E-4 3.8303873376472697E-4 0.0011513112730024738 1.6353229398251634E-4 0.6121474864067893 0.23931579843670223 1.6353229398251634E-4 0.04516235244933597 4.927919536558329E-4 0.0015903241525668955 9.318048332202633E-4 
4.970056570108032E-4 4.446341439702341E-4 2.875196048485315E-4 1.8277657876739488E-4 7.803355268625968E-5 1.8277657876739493E-4 7.803355268625968E-5 1.3040506572682727E-4 0.13917677218843386 1.3040506572682732E-4 2.875196048485305E-4 0.8582376462354293 7.803355268625968E-5 7.803355268625968E-5 1.3040506572682732E-4 
0.38024284671416664 2.875196048485308E-4 7.803355268625968E-5 7.803355268625968E-5 1.8277657876739496E-4 0.001911036509106129 2.3514809180796376E-4 1.8277657876739498E-4 7.803355268625968E-5 2.8751960484853055E-4 1.8277657876739482E-4 0.6155480548054357 7.803355268625968E-5 7.803355268625968E-5 5.4937717005137E-4 
0.45280792780194784 3.0392564765931434E-4 3.71615101983067E-4 1.685467390118089E-4 3.716151019830665E-4 0.12180649615879575 6.423729192780798E-4 7.777518279255847E-4 0.0019961620057531407 5.069940106305768E-4 2.3623619333556128E-4 0.4190308900943949 2.3623619333556212E-4 2.3623619333556147E-4 5.069940106305745E-4 
0.17346398289692969 3.8494959573697824E-4 0.023102314144865337 2.6632106023239066E-4 0.030575911881654417 0.12583462589183797 0.0072654046550030245 0.010705632184636122 0.10382903255573699 2.0700679248009736E-4 0.0037065485898654118 0.5190882210895444 0.0010374065410122028 3.849495957369781E-4 1.4769252472780317E-4 
0.42254237821760476 5.926143062951767E-4 1.0400415784535926E-4 8.718201054093632E-4 1.7380560762390537E-4 0.2184429390651369 1.0400415784535926E-4 1.0400415784535926E-4 4.530114067380882E-4 4.5301140673808626E-4 1.0400415784535926E-4 0.3544859646835224 1.0400415784535926E-4 1.0400415784535926E-4 0.0013604302538591847 
0.9888432390643241 7.604562569606257E-4 7.604562569606257E-4 7.604562569606257E-4 7.604562569606257E-4 7.604562569606257E-4 7.604562569606257E-4 7.604562569606257E-4 7.604562569606257E-4 7.604562569606257E-4 7.604562569606257E-4 7.604562569606257E-4 0.0012708295951875694 7.604562569606257E-4 7.604562569606257E-4 
0.001853689321124309 2.921398736343342E-4 2.9213987363433427E-4 9.694619269808674E-5 9.694619269808674E-5 9.694619269808674E-5 1.6201075301016914E-4 9.694619269808674E-5 0.09261875095647931 9.694619269808674E-5 0.14525598024895403 0.7586846548712664 9.694619269808674E-5 1.620107530101693E-4 9.694619269808674E-5 
0.1443137994003211 3.832099569595427E-4 3.1340850718099684E-4 3.13408507180997E-4 1.7380560762390515E-4 0.0032450693978799145 3.8320995695954256E-4 1.0400415784535926E-4 7.322172058522698E-4 4.5301140673808756E-4 1.7380560762390518E-4 0.8379308058497306 5.228128565166316E-4 0.010783625973962858 1.7380560762390507E-4 
0.6766256668375912 1.0970926798519392E-4 4.042307993607304E-4 0.005116575301369294 0.0052638360670570665 1.0970926798519392E-4 1.833396508290771E-4 4.778611822046139E-4 0.09811174883319468 2.569700336729618E-4 0.20907273577892788 0.0023186207533017174 5.514915650484956E-4 4.778611822046124E-4 9.196434792679183E-4 
0.044682052458264045 0.001984803284165542 0.02364282822754886 0.0010566022151633765 7.68344201055719E-5 0.0012113023933304045 1.284011461612466E-4 0.0012628691193860813 0.0037896386961141348 0.0014175692975531085 0.0016238362017758057 0.9152830884562174 1.2840114616124656E-4 7.68344201055719E-5 0.003634938517947111 
0.6392032781326007 4.893531236924299E-4 2.9282576215122573E-4 6.858804852336314E-4 0.001865044654480847 0.1775605058723161 4.893531236924284E-4 2.9282576215122573E-4 0.02092819872397747 0.154370277210454 4.893531236924296E-4 0.0020615720160220485 2.9282576215122573E-4 6.858804852336316E-4 2.9282576215122573E-4 
0.11395309877181706 0.002768670058366976 2.3864308272265967E-4 1.0188486782296639E-4 1.7026397527281268E-4 1.0188486782296639E-4 1.0188486782296639E-4 3.7540129762235377E-4 0.18910173785919807 5.12159512522045E-4 1.0188486782296639E-4 0.6917565567230186 1.0188486782296639E-4 1.0188486782296639E-4 5.12159512522045E-4 
0.008016802988003845 4.132993534689935E-4 2.627349250623629E-4 1.1217049665573376E-4 1.874527108590481E-4 3.380171392656791E-4 3.380171392656785E-4 3.380171392656785E-4 0.00101555706709552 0.03481727124438404 0.0027470479937717713 0.950474842599308 2.627349250623635E-4 5.638637818756278E-4 1.1217049665573376E-4 
0.4023793505272176 3.0427556239866297E-4 0.001617020676556182 1.6362430016749908E-4 1.1674054609044439E-4 6.985679201339019E-5 1.1674054609044483E-4 1.1674054609044475E-4 0.005367721002720548 3.5115931647571833E-4 6.985679201339019E-5 0.5889298079998174 6.985679201339019E-5 1.6362430016749884E-4 1.6362430016749832E-4 
0.1544700942470771 0.006940489353332774 2.369974672842832E-4 0.054973383969900695 0.07233912279281372 0.665941246812509 0.007309973158075601 3.953476693169244E-4 0.006782139151300133 0.01601923426987089 0.0010815318781250383 0.01227161282176504 5.00914470672019E-4 6.592646727046604E-4 7.864726525164177E-5 
0.6429841385900293 8.916629315008051E-5 8.916629315008051E-5 5.679115019721067E-4 5.679115019721062E-4 6.875978041776129E-4 2.686957464583415E-4 1.4900944425283474E-4 8.916629315008051E-5 8.916629315008051E-5 1.4900944425283476E-4 0.3540015619148327 8.916629315008051E-5 8.916629315008051E-5 8.916629315008051E-5 
0.7084333231910926 1.6686379603609742E-4 9.985022243452204E-5 8.369995320518584E-4 2.3387736963767307E-4 9.985022243452204E-5 0.002579352445692836 9.985022243452204E-5 9.985022243452204E-5 0.008543560496233095 4.34918090442402E-4 0.2776700720801623 3.008909432392492E-4 3.0089094323924913E-4 9.985022243452204E-5 
0.6778669623858201 0.00178326209171558 6.404098480113549E-5 0.0016543205086969998 6.404098480113549E-5 6.404098480113549E-5 0.0012674957596412425 1.0702151247399659E-4 2.3596309549257975E-4 2.789436231654417E-4 1.5000204014685727E-4 0.3160568804356759 2.7894362316544164E-4 6.404098480113549E-5 6.404098480113549E-5 
0.34226204863914866 3.086132811355572E-4 0.00204378837900152 0.008116901221532385 0.0029113759279344995 0.3514336884421545 0.0024156116142585123 6.8043651639255E-4 9.283186732305441E-4 0.024725005729678014 1.846722027165599E-4 0.2464555950212642 0.016049130240348205 0.001176200830068539 3.086132811355585E-4 
0.09853334719633433 8.078334405387206E-4 0.15544363456082047 0.0015779320516954966 0.3130058104034983 0.4187403497153235 0.002039991218389565 4.997939960760077E-4 0.0025790602461993168 4.227841349603299E-4 4.227841349603298E-4 0.004966365940785332 1.9175455161329514E-4 5.768038571916858E-4 1.9175455161329514E-4 
0.48975837733436395 0.0012538323124567183 6.562001311233363E-4 0.015238425355657876 0.0014928851849900727 0.00782778630712391 0.0016124116212567487 2.976208223233046E-4 0.0018514644937901105 0.1341672294410017 0.001014779439923367 0.27305694838287975 4.171472585899815E-4 0.07117679752846258 1.7809438605662805E-4 
0.009906083496103503 3.955516624981361E-4 3.2350217891021643E-4 5.396506296739773E-4 2.5145269532229675E-4 3.235021789102165E-4 0.0011160464983773358 2.5145269532229675E-4 0.2372222042159903 0.03634824397287001 1.0735372814645735E-4 0.7123164989947322 3.955516624981361E-4 3.955516624981361E-4 1.0735372814645735E-4 
0.32893863406457474 1.0400415784535926E-4 3.1340850718099674E-4 4.530114067380864E-4 1.7380560762390507E-4 0.04847640885437755 1.7380560762390507E-4 2.436070574024509E-4 0.0021980476512017274 0.001151025904523548 1.0400415784535926E-4 0.6151245781566127 1.0400415784535926E-4 8.020186556308167E-4 0.0016396360529733697 
0.9345209968352142 0.008259527148831523 4.3196543317195797E-4 4.3196543317195797E-4 0.0010117848195171112 0.007969617455658943 4.3196543317195797E-4 4.3196543317195797E-4 0.033771580148018565 4.3196543317195797E-4 4.3196543317195797E-4 0.007679707762486364 0.0013016945126896864 4.3196543317195797E-4 0.002461333285380001 
0.08267911924586507 0.0014302317036377298 0.0015698346031948216 3.8320995695954294E-4 5.926143062951757E-4 0.06076146401540165 4.530114067380883E-4 1.0400415784535926E-4 0.07102227713284791 0.002896062148987188 0.0012208273543020964 0.7743416851014758 0.0019886433018660886 1.7380560762390507E-4 3.8320995695954283E-4 
8.475219553840253E-4 0.003616034148124537 8.475219553840256E-4 3.1168088582134433E-4 0.0016512835597280446 5.796014206026847E-4 0.18883843052695784 2.2237404089422882E-4 0.19830495608923196 3.1168088582134233E-4 1.3306719596711502E-4 0.6039366457481817 1.3306719596711502E-4 1.3306719596711502E-4 1.3306719596711502E-4 
0.06678812051258254 1.6201075301016914E-4 4.873335545705806E-4 4.222689942584988E-4 7.4759179581891E-4 0.030872483220313156 0.0016584956401880658 6.825272355068282E-4 2.270753133222517E-4 9.694619269808674E-5 2.9213987363433405E-4 0.8969468455344416 4.2226899425849894E-4 9.694619269808674E-5 9.694619269808674E-5 
0.17173725629597159 1.6201075301016922E-4 9.694619269808674E-5 4.8733355457057995E-4 4.222689942584988E-4 4.222689942584989E-4 0.0016584956401880671 9.694619269808674E-5 4.8733355457057805E-4 0.043234749679608754 0.26211193056945387 0.5187265564403069 1.6201075301016914E-4 9.694619269808674E-5 9.694619269808674E-5 
0.001604311114612418 3.683241170430019E-4 3.683241170430019E-4 0.09207855933669387 6.155215165568859E-4 3.683241170430019E-4 0.014952970688362141 3.683241170430019E-4 0.004570679908779037 0.0018515085141263112 0.0018515085141263018 0.8443002460574422 0.03522315744850065 0.0011099163155846483 3.683241170430019E-4 
0.2675880517224577 1.4900944425283474E-4 1.4900944425283474E-4 9.868135596913829E-4 4.48225199766601E-4 0.00565457934570612 8.916629315008051E-5 3.285388975610956E-4 2.686957464583419E-4 0.008347521145330064 8.916629315008051E-5 0.7153943514243616 8.916629315008051E-5 2.686957464583416E-4 1.49009444252834E-4 
0.21795636005390406 2.1812687633104163E-4 5.581910513071675E-4 3.638686656065261E-4 2.1812687633104123E-4 2.6670747275620347E-4 2.667074727562031E-4 7.23850870555573E-5 7.23850870555573E-5 0.07308902151407297 2.1812687633104223E-4 0.7063856765124756 1.209656834807184E-4 1.2096568348071874E-4 7.23850870555573E-5 
0.27577548823499115 1.6201075301016933E-4 2.921398736343343E-4 9.694619269808674E-5 1.6201075301016917E-4 0.002439270363933051 1.620107530101694E-4 2.2707531332225153E-4 1.6201075301016947E-4 2.2707531332225153E-4 1.620107530101693E-4 0.7188000793999596 2.921398736343343E-4 4.222689942584989E-4 6.17462675194745E-4 
0.4524155527918743 0.001290513419986539 5.509641751145906E-4 0.004248710399474318 0.0016602880424225225 0.11518109713026647 0.019409469919349286 0.0012905134199865437 0.02865383548024857 0.00831623124627003 0.013493075960373711 0.30894299928671626 0.0031393865321664074 5.509641751145906E-4 0.04085639802063565 
0.21596480699440257 7.610122844733436E-4 0.00685398495462989 1.5171501745768896E-4 1.5171501745768885E-4 0.0020405365452062186 0.0013703095514889987 0.00685398495462989 0.019832016742063342 5.782231043686472E-4 0.001065660917981171 0.6597769362886053 0.006122828234211105 0.07838548410226777 9.07852907561234E-5 
0.8534885214092851 0.0014090109891051346 3.8240916932178603E-4 0.0016656614440509756 0.0034622146286718315 0.007311971452859394 3.8240916932178603E-4 3.8240916932178603E-4 6.390596242676272E-4 0.0016656614440509689 3.8240916932178603E-4 0.12614113209278216 6.390596242676256E-4 0.0011523605341593008 8.957100792134613E-4 
0.3411444939453915 4.8645521433146155E-4 0.005225560499460788 0.005225560499460791 6.258406638940884E-4 2.0768431520620792E-4 3.4706976476883483E-4 2.0768431520620792E-4 2.0768431520620792E-4 0.024181981639978044 0.001601538810832476 0.6160126004828916 2.0768431520620792E-4 0.002856007856896103 0.0014621533612698492 
0.4660813351043289 2.1264474415925443E-4 7.610122844733435E-4 4.563636509655162E-4 3.9543392426395074E-4 9.07852907561234E-5 0.0026498338122218734 0.0011265906446827365 3.954339242639508E-4 0.005147952606986058 3.9543392426395085E-4 0.5195776351483035 2.735744708608199E-4 0.001979606818504653 4.563636509655163E-4 
0.4764766666746112 5.19794997642254E-4 9.373010254290682E-4 0.001981066094896129 3.1104198374884645E-4 0.005112361303297235 3.1104198374884645E-4 5.19794997642254E-4 0.12451908525032626 0.01742878912300829 0.28442389389267664 0.08589977768004534 7.285480115356616E-4 3.1104198374884645E-4 5.197949976422535E-4 
0.31534687073729445 1.9993869883994274E-4 3.1451675084447035E-4 0.004725771753018791 8.536064683541429E-5 1.9993869883994266E-4 4.8638382885126167E-4 5.436728548535248E-4 0.0033508351289644627 1.999386988399427E-4 2.572277248422066E-4 0.6502012277205279 8.536064683541429E-5 8.536064683541429E-5 0.023917595463777225 
0.14592244270451762 2.4166896852156162E-4 0.0014063387119139365 0.0022798410194582136 0.3646862428383852 2.4166896852156143E-4 0.0010181154641164764 1.4461315657219762E-4 6.298922163190208E-4 0.08535961604811418 4.3578059242028934E-4 0.39671466078167533 2.4166896852156205E-4 2.4166896852156143E-4 4.357805924202905E-4 
0.003238262072696907 1.402552175654725E-4 2.5291001229752505E-4 1.965826149314995E-4 0.0012104757675199683 0.13397415135924326 8.392782019944583E-5 1.9658261493149832E-4 8.392782019944583E-5 5.908743964936813E-4 0.0016610949464481775 0.8448822335158584 1.4025521756547265E-4 0.013151884009117484 1.9658261493149865E-4 
0.2619689076853579 2.0345879505930304E-4 0.011673619309814117 3.4000832499686E-4 3.4000832499685884E-4 2.0345879505930304E-4 0.0036171970434982458 2.0345879505930304E-4 2.0345879505930304E-4 0.018227996746816924 2.0345879505930304E-4 0.6981081063059185 2.0345879505930304E-4 0.004299944693186049 2.0345879505930304E-4 
0.2574201222133731 2.1383760938160833E-4 1.2795905024838916E-4 0.0012443803189802465 0.27863212631927853 0.46069467168170325 1.2795905024838916E-4 1.2795905024838916E-4 2.1383760938160833E-4 2.9971616851482704E-4 1.2795905024838916E-4 2.1383760938160833E-4 2.1383760938160833E-4 1.2795905024838916E-4 2.1383760938160833E-4 
0.15408309733791345 7.399126047579753E-4 0.0025738237377211978 0.0034907793042028143 1.7563225615391015E-4 1.0509721257840166E-4 8.104476483334875E-4 1.7563225615391023E-4 0.1456188921088526 0.12297714312111442 3.167023433049287E-4 0.5679827330389982 3.8723738688043683E-4 1.7563225615391015E-4 3.8723738688043895E-4 
0.18882637824477375 3.849495957369775E-4 3.8494959573697824E-4 8.837825697550915E-5 2.6632106023239104E-4 8.837825697550915E-5 8.837825697550915E-5 1.4769252472780298E-4 0.003409977251103944 8.837825697550915E-5 0.023161628412617725 0.7826215127129852 1.4769252472780344E-4 2.0700679248009704E-4 8.837825697550915E-5 
0.040429182684184876 2.1657714811978732E-4 0.0014577069486156234 0.004188192509706437 8.371420483677069E-4 2.78633638144579E-4 0.06872694213548977 9.246416807020412E-5 7.130290683181209E-4 0.18135947153048643 9.246416807020412E-5 0.7012066884681664 9.246416807020412E-5 2.165771481197874E-4 9.246416807020412E-5 
0.8491648210205024 4.962779046226535E-4 4.962779046226535E-4 8.293503312772384E-4 0.14038669709954768 4.962779046226535E-4 4.962779046226535E-4 4.962779046226535E-4 4.962779046226535E-4 0.001162422757931816 0.00216164003789557 0.0018285676112409863 4.962779046226535E-4 4.962779046226535E-4 4.962779046226535E-4 
0.32996269920588145 0.009811718125701125 1.7026397527281263E-4 0.0013327088019202018 7.856759423214297E-4 1.0188486782296639E-4 0.032787098228849496 5.805386199718893E-4 1.7026397527281263E-4 0.01917965584633007 0.003862735777564507 0.5999234154178736 1.0188486782296639E-4 0.0010591923721208162 1.7026397527281268E-4 
0.0312031171423257 2.061869857344737E-4 3.439511197637675E-4 0.022615819454499735 4.357938757832954E-4 0.006543337151082006 0.0010327717899102434 6.84228517051795E-5 4.817152537930616E-4 0.019998300907943137 0.036484075613448616 0.8792332048486515 3.898724977735313E-4 8.490862778711806E-4 1.143442297149444E-4 
0.13015771679244717 7.927070770311812E-5 7.927070770311812E-5 9.304998027362097E-4 1.3247252614268632E-4 0.0014625179871318886 7.927070770311812E-5 7.927070770311812E-5 0.01300731258851818 1.8567434458225426E-4 0.05727122553023891 0.7961912818374021 1.3247252614268632E-4 7.927070770311812E-5 1.3247252614268618E-4 
0.042911442285176446 1.5452065809499577E-4 0.055446853270184275 0.008966542241615394 0.006174000190499769 0.0808279576903242 0.0026367802590866645 1.5452065809499577E-4 0.12128878918648833 1.5452065809499577E-4 0.003877910059582489 0.6728468725268362 9.246416807020412E-5 0.0038779100595824787 5.889160882685399E-4 
0.2709054725300797 1.7809438605662805E-4 1.7809438605662805E-4 0.0018514644937901012 2.976208223233048E-4 1.7809438605662805E-4 0.002688149547656847 1.7809438605662805E-4 4.171472585899815E-4 2.9762082232330457E-4 1.7809438605662805E-4 0.7217591901279842 1.7809438605662805E-4 1.7809438605662805E-4 5.366736948566592E-4 
0.526054887469596 0.021037942710348687 0.0033180499117786036 6.600659919931129E-4 6.600659919931129E-4 0.0507187631479536 0.0059760338315641166 0.029011894469705233 0.11185239330302058 0.009520012391278134 6.600659919931129E-4 0.19513588945629992 0.001103063311957365 0.0037610472317428645 0.04052982478877578 
0.15767784482419456 2.6273492506236317E-4 1.1217049665573376E-4 1.8745271085904793E-4 2.6273492506236377E-4 1.8745271085904877E-4 6.391459960789446E-4 1.1217049665573376E-4 4.885815676723101E-4 2.6273492506236415E-4 1.1217049665573376E-4 0.8366481347238948 2.6273492506236415E-4 1.8745271085904885E-4 0.0025964835653651415 
0.14978424620463357 8.322929485444536E-5 2.508050600519587E-4 4.1838082524947367E-4 2.5080506005195906E-4 3.066636484511301E-4 8.322929485444536E-5 1.3908788325361739E-4 0.0034347445988047293 0.11755384069831175 1.9494647165278913E-4 0.7270827573100693 8.322929485444536E-5 1.3908788325361739E-4 1.9494647165278872E-4 
3.7597290038256524E-4 1.2476606084717287E-4 0.001129593418988741 0.0033904549748072703 9.621221926318128E-4 0.007577235633730499 2.08501674025637E-4 2.922372872041011E-4 0.01703935992289694 0.0022181563903087703 1.2476606084717287E-4 0.9656801216217178 2.922372872041011E-4 2.922372872041011E-4 2.922372872041011E-4 
2.2148393748007035E-4 2.2148393748007035E-4 3.7013087870867476E-4 5.187778199372818E-4 3.7013087870867373E-4 2.2148393748007035E-4 5.187778199372799E-4 2.2148393748007035E-4 3.7013087870867357E-4 2.2148393748007035E-4 0.1887058054153518 0.8070770809263502 5.187778199372816E-4 2.2148393748007035E-4 2.2148393748007035E-4 
0.9927459661613691 4.7281322827743953E-4 7.901375496503504E-4 4.7281322827743953E-4 4.7281322827743953E-4 4.7281322827743953E-4 4.7281322827743953E-4 4.7281322827743953E-4 4.7281322827743953E-4 7.901375496503504E-4 4.7281322827743953E-4 4.7281322827743953E-4 4.7281322827743953E-4 4.7281322827743953E-4 4.7281322827743953E-4 
0.037521471654430115 0.0012248379929722282 0.003259298988009358 9.011737437617717E-4 6.889424579203262E-5 0.0069583189789859615 2.5384524534086285E-4 6.889424579203262E-5 0.012922988714435731 0.02249420294108764 6.889424579203262E-5 0.9128020770192695 6.889424579203262E-5 6.889424579203262E-5 0.0013173134927466407 
0.2942680346570057 0.0028343525225027716 0.00574287230428424 0.012868745769648778 2.166847188994381E-4 0.530439840937661 2.166847188994381E-4 0.0012346666425229493 0.04180851759837436 0.006760854227907749 0.0010892406534338756 0.09634326350677686 3.621107079885091E-4 0.0015255186207010969 0.004288612413393501 
0.21853904346299047 9.420630972019213E-5 2.2065773498981345E-4 2.2065773498981396E-4 4.1033487289424565E-4 0.03739737676425839 2.8388344762462434E-4 9.420630972019213E-5 2.2065773498981383E-4 1.574320223550033E-4 0.002686460527747414 0.738696981309577 9.420630972019213E-5 9.420630972019213E-5 7.896891487031088E-4 
0.0010192430806028293 2.766251667333337E-4 2.766251667333337E-4 2.766251667333337E-4 6.479341236680873E-4 4.622796452007078E-4 8.335886021354583E-4 2.766251667333337E-4 0.3277711251831832 0.0010192430806028293 2.766251667333337E-4 0.6649196580799364 2.766251667333337E-4 0.0012048975590702013 4.6227964520070976E-4 
0.34323307165154937 2.9282576215122573E-4 0.04922813878591054 6.858804852336322E-4 4.893531236924289E-4 0.0018650446544808464 0.0014719899313984418 0.0016685172929396443 0.07379405897856094 2.9282576215122573E-4 0.017390706216235795 0.48827026446895655 2.9282576215122573E-4 0.01915945247010665 0.0018650446544808466 
0.01554392724099597 1.143442297149445E-4 1.1434422971494436E-4 4.817152537930606E-4 0.002318570374183642 0.004568717896662115 4.3579387578329546E-4 7.572435218516491E-4 0.029412183399944863 0.020181986419982173 0.0016756710820469525 0.9235473346280735 3.8987249777353147E-4 3.4395111976376623E-4 1.1434422971494398E-4 
0.2613336980759285 6.121861807224316E-4 3.2920335305035265E-4 2.3487574382632714E-4 2.3487574382632755E-4 1.4054813460230226E-4 0.001461134663738653 0.0060831875157158965 8.951690083945072E-4 0.0013668070545146305 4.235309622743765E-4 0.7261801563319275 3.2920335305035265E-4 2.3487574382632714E-4 1.4054813460230226E-4 
0.230490554257782 4.8733355457057995E-4 3.572044339464164E-4 1.6201075301016914E-4 9.694619269808674E-5 4.8733355457057816E-4 0.00185368932112431 4.222689942584988E-4 0.012394148091681653 0.018184893959456987 5.52398114882663E-4 0.726087310154913 3.5720443394641674E-4 0.0010078500370672419 0.007058854146090888 
0.5556382600454646 5.579612347449719E-4 8.760402782984063E-5 2.6398798042301483E-4 1.4639867869423203E-4 0.007730908640200754 0.0012047023942532776 1.4639867869423203E-4 0.010023900023912012 6.167558856093634E-4 1.4639867869423203E-4 0.4229975276953974 8.760402782984063E-5 1.4639867869423203E-4 2.0519332955862345E-4 
0.5432837070642439 2.3162036276136262E-4 0.002836186725838034 2.3162036276136262E-4 3.246405900141025E-4 0.0021850451350688594 8.827619535305246E-4 0.00237108558957433 0.10757696261242072 0.25333965871746106 6.967214990250524E-4 0.08097317761813783 1.3860013550862454E-4 0.004696591270892774 2.3162036276136287E-4 
0.4815842612957111 8.322929485444536E-5 1.3908788325361739E-4 1.9494647165278872E-4 2.5080506005196004E-4 4.183808252494724E-4 7.535323556445045E-4 1.3908788325361676E-4 1.949464716527888E-4 3.066636484511299E-4 8.322929485444536E-5 0.5154904244540088 1.3908788325361739E-4 1.3908788325361739E-4 8.322929485444536E-5 
0.6533606251245634 0.00911780720886073 0.001113975866119836 0.003213341464215812 1.9550341695284617E-4 0.002950920764453815 0.002032448315286825 0.0024260793649298206 7.203448164768406E-4 0.003606972513858807 3.267137668338446E-4 0.318643022578136 0.0012451862160008345 3.267137668338453E-4 7.203448164768406E-4 
0.170894693644018 1.9824645424539739E-4 1.4144231208573858E-4 8.463816992607992E-5 8.463816992607992E-5 8.463816992607992E-5 8.463816992607992E-5 8.463816992607992E-5 5.390713072033445E-4 8.463816992607992E-5 1.4144231208573852E-4 0.8273233604410271 8.463816992607992E-5 8.463816992607992E-5 8.463816992607992E-5 
0.6728443622649364 1.8814675027494643E-4 0.009027256021164033 0.0015771496357003842 0.0037237904586305847 9.457846877797295E-4 4.4069272944320594E-4 3.144197398590766E-4 3.144197398590766E-4 3.144197398590766E-4 4.4069272944320594E-4 0.3091781522626416 1.8814675027494643E-4 3.144197398590766E-4 1.8814675027494643E-4 
0.0018545755671772184 0.045571510677111224 2.2537301649644528E-4 2.2537301649644474E-4 4.0639552212764254E-4 1.348617636808464E-4 5.874180277588361E-4 0.0027596880953331933 0.001220996797468024 0.020318871141559332 2.2537301649644474E-4 0.9237116854940467 2.2537301649644474E-4 1.348617636808464E-4 0.0023976430840707925 
0.07340853631731252 2.362361933355614E-4 2.3623619333556185E-4 1.685467390118088E-4 1.0085728468805556E-4 1.6854673901180937E-4 1.6854673901180875E-4 1.0085728468805556E-4 1.685467390118096E-4 5.069940106305758E-4 5.746834649543264E-4 0.9212866411766404 1.6854673901180856E-4 0.0024022987316956582 3.0392564765931396E-4 
0.2529475137509704 7.927070770311812E-5 1.3247252614268616E-4 1.3247252614268632E-4 1.856743445822545E-4 0.003750196180033324 0.0010901052580549124 7.927070770311812E-5 0.05407911642386482 2.388761630218223E-4 1.856743445822542E-4 0.6820201794660881 1.324725261426862E-4 0.0021541416268462802 0.002792563448121099 
0.5983263755737018 2.185984000855046E-4 1.5596275476415013E-4 9.332710944279532E-5 2.1859840008550506E-4 3.438696907282132E-4 9.332710944279532E-5 1.5596275476415015E-4 2.81234045406859E-4 9.332710944279532E-5 0.00554262825240064 0.3941341718260851 9.332710944279532E-5 9.332710944279532E-5 1.5596275476415037E-4 
0.4824865362075887 0.006236656482751835 3.9135037027814414E-4 0.0033852876473988067 1.7749770762666957E-4 1.774977076266694E-4 0.004169414077120899 3.200661493943193E-4 0.003812992972701763 0.005167393169494439 6.764872538134485E-4 0.46609116540430884 2.48781928510494E-4 0.02619623833022285 4.626345911619717E-4 
0.402269758770766 2.6273492506236317E-4 1.1217049665573376E-4 1.8745271085904815E-4 1.8745271085904907E-4 4.885815676723096E-4 1.1217049665573376E-4 1.1217049665573376E-4 0.0034245879216016095 0.004327974492041377 7.897104244855723E-4 0.5873134412825151 1.1217049665573376E-4 1.8745271085904796E-4 1.1217049665573376E-4 
0.4270859351589212 1.0085728468805556E-4 1.0085728468805556E-4 1.685467390118092E-4 1.0085728468805556E-4 1.0085728468805556E-4 2.3623619333556107E-4 1.0085728468805556E-4 0.01844469940642503 0.0023346092773719055 1.0085728468805556E-4 0.5505514998454464 1.6854673901180945E-4 1.6854673901180953E-4 2.3623619333556134E-4 
0.6023291225394934 8.475219553840254E-4 1.3306719596711502E-4 1.3306719596711502E-4 4.009877307484557E-4 0.007009694255354872 2.2237404089422882E-4 4.902945756755707E-4 0.004062568372760074 0.0019192040945093876 1.3306719596711502E-4 0.3812946813448874 2.2237404089422869E-4 4.0098773074845676E-4 4.0098773074845697E-4 
0.7159110396302352 8.322929485444536E-5 8.322929485444536E-5 8.322929485444536E-5 8.322929485444536E-5 5.300980020478192E-4 8.322929485444536E-5 1.390878832536167E-4 1.3908788325361736E-4 8.322929485444536E-5 8.322929485444536E-5 0.28239253506426637 8.322929485444536E-5 8.322929485444536E-5 1.390878832536171E-4 
0.56524751665371 1.7749770762666957E-4 1.7749770762666957E-4 0.0013893294626516953 6.052030329296216E-4 6.764872538134475E-4 7.477714746972732E-4 1.7749770762666845E-4 0.03745914522986727 6.764872538134469E-4 3.200661493943191E-4 0.39167043880159536 1.062134867428431E-4 1.774977076266691E-4 3.913503702781426E-4 
0.8888673100459596 0.004439326623007475 0.010168229223233868 1.4264967283767857E-4 4.2909480284899555E-4 0.014865929355419513 1.4264967283767832E-4 7.155399328603169E-4 2.5722772484220634E-4 0.07232682243569039 3.145167508444698E-4 0.006960043767107085 1.4264967283767832E-4 8.536064683541429E-5 1.4264967283767843E-4 
0.001290597181259835 0.002506707604178579 0.004178859435691892 2.2650056120593362E-4 2.2650056120593362E-4 0.04081418592611918 2.2650056120593362E-4 0.0011385833783949919 0.0023546938013137364 3.785143640707766E-4 5.305281669356197E-4 0.8888991921090773 8.345557726653058E-4 3.785143640707766E-4 0.056015566212603334 
0.0012906408294685735 1.7303604918163826E-4 1.3449795330967523E-4 0.0048361456496891705 0.0029863170478349444 5.7421761565748355E-5 7.125693913891163E-4 9.595985743771125E-5 0.0027165503767312017 1.344979533096752E-4 0.0022155551303956814 0.9596560089734467 0.02479887931136603 1.3449795330967463E-4 5.7421761565748355E-5 
0.18252208204813522 0.0021305073407811037 2.62901443890522E-4 0.0011248733963015619 5.981127587170355E-4 0.0264572713310481 0.0014600847111280754 4.544507666485308E-4 8.375494121645496E-4 0.0038544512456031754 1.1923945182201593E-4 0.7782404758255407 2.629014438905218E-4 0.0015079720418175772 1.67126782511518E-4 
0.21184875378682422 6.685655680520329E-4 4.625361161312796E-4 4.6253611613127944E-4 1.5349193825014895E-4 0.4167450437220134 3.595213901709027E-4 4.6253611613127955E-4 4.6253611613127933E-4 0.004583125154546332 1.5349193825014895E-4 0.35452414924194575 0.0012866539238142929 0.007570552207397259 2.565066642105262E-4 
0.32873441516456314 3.6790451684082524E-4 1.6686379603609726E-4 1.6686379603609723E-4 9.985022243452204E-5 9.040131056534351E-4 0.001976230283278653 2.338773696376732E-4 2.338773696376733E-4 0.002311298151286534 1.6686379603609764E-4 0.6640703374668493 2.3387736963767335E-4 9.985022243452204E-5 2.3387736963767313E-4 
