0.02304899401294337 0.0031519708630095 1.1810206505475687E-5 3.5240909150277375E-5 5.759363709681137E-5 0.9706162373518377 3.5016961747317756E-5 3.964189319244978E-5 1.6655063452622634E-5 3.5731260693939025E-5 0.002092665365309523 5.716912965479773E-4 2.160711814504985E-4 2.1110026341680057E-5 4.956997072092745E-5 
0.003245819726373779 1.2824732430207476E-4 5.729001454084775E-4 0.013180338187356741 0.028492148437579464 0.006664215846757257 0.8768501116174942 6.16984895795431E-6 0.06972258485099712 6.16984895795431E-6 2.2544575273934876E-5 9.33318158514193E-5 9.489199656202459E-4 4.397013932542161E-5 2.2527669744565803E-5 
3.4511500779547656E-4 0.3214541416109707 0.47311587222332 1.262498042383726E-4 1.7305975715856703E-4 9.369413495282954E-6 0.0016327186843722694 1.6462903762563426E-4 0.010073873602018897 0.0010381803038586061 0.046268379353436584 0.0015247643162559503 0.0482613680370186 0.06027582839141227 0.03553645045702271 
3.3045553421796616E-5 5.727273337087539E-4 0.03704247545404248 0.04440075570374005 1.7640904569204017E-4 7.626349091804791E-6 1.7261202615419808E-4 0.8019118846515313 0.016352828568095733 1.2653057248933212E-5 1.313520199815729E-4 0.014172051124464066 0.05859754516751513 0.0018641779272236146 0.024551856018088656 
2.391535018227563E-5 0.13296428541582583 4.0856807819894265E-4 0.0019497494662452067 0.013696792976346414 2.4579712479009197E-5 2.3727627482104916E-4 3.6597076294196576E-4 0.051065822817495 0.7380517669289515 1.740191478342645E-4 0.017710116043570256 0.04214693795269592 3.373950978399469E-4 8.428039745725093E-4 
0.008405308400925196 0.1316129784495575 1.0511709581015911E-4 0.6018537234944552 0.08223867485277701 0.015541938582988295 0.056450015673108644 5.181796454949405E-5 1.1579747917765645E-4 7.618282314654107E-5 0.07100442926017458 0.027698478712237833 4.200797484930789E-4 8.81944602237776E-4 0.0035435128603610593 
3.2555225393004976E-5 0.007818109660204329 0.02666844158059559 0.0011072675709899457 0.0033638771415884583 1.7782810748550083E-5 2.7719514996442044E-5 1.742975108765915E-5 0.034514532431125726 0.31831966532252887 0.02393061177185922 0.02759934527757692 0.046626691159773116 0.5097218960754647 2.3407470606740346E-4 
6.0177346198577316E-5 0.011346733320336342 0.6882413368589234 0.05647687545563842 0.055760080037528234 1.4348928849773732E-4 1.5815672304994824E-5 0.004225907399577686 1.5756515902104324E-5 2.0759311933412394E-4 0.11869047617905264 0.00838121128359903 0.05439739036838834 6.916830265063255E-4 0.001345474128212099 
6.527637499641674E-4 0.3514050222280355 0.012407950866153329 0.01960891252566215 0.5276582846470896 0.0015156262126848766 8.025238536791416E-5 1.9936201549267802E-4 3.868379280653451E-5 6.47264675497796E-5 2.1015730129920373E-4 0.0363639441586736 1.4707727269517331E-4 0.023538458936262514 0.02610877744026303 
0.0017430635473419153 8.098194082172046E-5 0.007368019748951872 0.01966347425981071 0.04734199089762483 1.1518481446733453E-4 0.0029367294709871346 0.002303633452574964 0.003174561350511196 0.008583261666352078 0.0012017099173492348 0.6893409484463845 5.370988374437445E-4 0.12203201093045198 0.09357733071892678 
5.901743652508903E-5 1.498089563914854E-4 3.706331730042416E-4 0.05171838856306262 0.0012257716355302982 2.60517274512188E-5 0.007524845703449834 0.009550386627645296 0.026071038799410598 2.470225272676582E-4 3.448395931314488E-4 0.0015949451832099 0.013658656351936495 2.3775765489927964E-4 0.8872208360670847 
0.7626133525104831 0.05694464004271805 5.651953842516458E-5 0.04547510309998163 0.0027088278342278374 0.08392673245037291 6.189191106917117E-6 1.2614087243651017E-4 1.0407152578800528E-5 1.4465770522957152E-5 0.047816465760602875 4.378471174548744E-5 9.814069402501002E-5 1.4274495923935712E-5 1.4495587484930015E-4 
2.3467476915113182E-4 0.05228235475593455 0.027626084783725798 7.700049214045399E-5 0.010364081523527817 0.03524315033728957 7.73381544038582E-5 5.91312653835369E-5 2.130233211180921E-4 4.657776481761916E-5 0.019766211939510853 0.013433293620686421 0.8297564291644738 0.009406244980639923 0.0014144031271967543 
0.07287978232528845 7.373821374765562E-5 2.962234770796286E-4 0.10567844349294496 7.445180503890313E-5 0.04112279156491912 3.349851382330658E-5 1.0230719150958467E-4 2.0054328043757973E-4 4.7455940996423135E-5 0.7768049850669689 0.00110434328882203 4.832444923870331E-5 0.001470919763025037 6.21916261594298E-5 
4.934567594956611E-5 0.013750463021985451 2.3252907204884056E-4 0.10083179254034297 0.11398166501099519 9.567007590751363E-6 0.10325455243159967 6.80482113473538E-5 0.6023042475323122 6.030444682448904E-5 4.649692352598966E-4 8.118884268954695E-5 0.004268364442233641 0.01970141995794301 0.04094154257087788 
