0.007999999856948863 0.013369127397729256 0.007999999856948863 0.013369127397729256 0.007999999856948863 0.007999999856948863 0.013369127397729256 0.007999999856948863 0.007999999856948863 0.007999999856948863 0.7704161106477627 0.007999999856948863 0.007999999856948863 0.007999999856948863 0.018738254938509592 0.007999999856948863 0.007999999856948863 0.007999999856948863 0.007999999856948863 0.007999999856948863 0.007999999856948863 0.007999999856948863 0.013369127397729256 0.013369127397729256 0.007999999856948863 
0.005511251435111866 0.016565337513601643 0.007090406589181819 0.01340702720546164 0.003932096281041899 0.010248716897321765 0.010248716897321727 0.013407027205461641 0.003932096281041896 0.011827872051391694 0.016565337513601636 0.01656533751360159 0.016565337513601636 0.029198578746161413 0.7366600877695068 0.010248716897321744 0.0023529411269719263 0.016565337513601675 0.008669561743251716 0.01498618235953173 0.005511251435111866 0.0023529411269719263 0.011827872051391691 0.010248716897321737 0.0055112514351118675 
0.007999999856948863 0.007999999856948863 0.007999999856948863 0.007999999856948863 0.007999999856948863 0.007999999856948863 0.02410738247928999 0.007999999856948863 0.007999999856948863 0.007999999856948863 0.7811543657293234 0.007999999856948863 0.007999999856948863 0.007999999856948863 0.007999999856948863 0.013369127397729256 0.007999999856948863 0.013369127397729273 0.007999999856948863 0.007999999856948863 0.007999999856948863 0.007999999856948863 0.007999999856948863 0.007999999856948863 0.007999999856948863 
0.05632214772397252 0.018738254938509634 0.04558389264241161 0.040214765101631286 0.06706040280553327 0.04021476510163121 0.024107382479289906 0.04558389264241163 0.018738254938509617 0.05095302018319203 0.029476510020070415 0.05632214772397253 0.034845637560850844 0.050953020183192026 0.07242953034631369 0.03484563756085085 0.018738254938509544 0.07242953034631358 0.024107382479289993 0.024107382479289948 0.04021476510163128 0.034845637560850844 0.03484563756085086 0.02947651002007045 0.034845637560850726 
0.003932096281041896 0.011827872051391719 0.010248716897321725 0.003932096281041896 0.003932096281041896 0.0055112514351118675 0.12236873283628964 0.007090406589181832 0.003932096281041898 0.0023529411269719263 0.003932096281041896 0.7429767083857867 0.0023529411269719263 0.005511251435111866 0.003932096281041896 0.003932096281041897 0.003932096281041896 0.003932096281041896 0.0023529411269719263 0.022881958129881575 0.0023529411269719263 0.0023529411269719263 0.0086695617432518 0.007090406589181821 0.008669561743251767 
0.007999999856948863 0.007999999856948863 0.007999999856948863 0.007999999856948863 0.007999999856948863 0.007999999856948863 0.018738254938509537 0.007999999856948863 0.007999999856948863 0.013369127397729268 0.7865234932701037 0.007999999856948863 0.007999999856948863 0.007999999856948863 0.007999999856948863 0.007999999856948863 0.007999999856948863 0.007999999856948863 0.013369127397729259 0.007999999856948863 0.007999999856948863 0.007999999856948863 0.007999999856948863 0.007999999856948863 0.007999999856948863 
0.004444444356141259 0.010410141611822262 0.010410141611822259 0.010410141611822276 0.004444444356141259 0.01339299023966281 0.010410141611822268 0.010410141611822292 0.09989560044703721 0.004444444356141259 0.010410141611822254 0.5771513809015169 0.007427292983981771 0.010410141611822247 0.00742729298398174 0.007427292983981754 0.007427292983981746 0.004444444356141259 0.019358687495343686 0.1148098435862397 0.013392990239662781 0.010410141611822278 0.013392990239662768 0.00742729298398174 0.010410141611822259 
0.0015999999656677291 0.0015999999656677291 0.0015999999656677291 0.00267382546998351 0.0015999999656677291 0.0048214764786150685 0.7650899335341866 0.008042952991562406 0.0026738254699835086 0.0015999999656677291 0.06710335572893023 0.0026738254699835086 0.0015999999656677291 0.0015999999656677291 0.003747650974299288 0.03703624160808839 0.0015999999656677291 0.0037476509742992896 0.0015999999656677291 0.003747650974299288 0.0015999999656677291 0.0015999999656677291 0.07784161077208808 0.0015999999656677291 0.0015999999656677291 
0.0015999999656677291 0.008042952991562408 0.003747650974299288 0.0026738254699835086 0.0015999999656677291 0.0026738254699835086 0.011264429504509746 0.0015999999656677291 0.0026738254699835086 0.0026738254699835086 0.0026738254699835095 0.0048214764786150685 0.0048214764786150685 0.0015999999656677291 0.0026738254699835086 0.0026738254699835103 0.0026738254699835086 0.0015999999656677291 0.0026738254699835095 0.0015999999656677291 0.0015999999656677291 0.0015999999656677291 0.0015999999656677291 0.9250899336772404 0.003747650974299288 
4.938271495922016E-4 4.938271495922016E-4 4.938271495922016E-4 4.938271495922016E-4 4.938271495922016E-4 4.938271495922016E-4 4.938271495922016E-4 8.252547741761597E-4 8.252547741761597E-4 8.252547741761597E-4 8.252547741761597E-4 4.938271495922016E-4 4.938271495922016E-4 4.938271495922016E-4 4.938271495922016E-4 4.938271495922016E-4 4.938271495922016E-4 4.938271495922016E-4 4.938271495922016E-4 4.938271495922016E-4 0.0011566823987601178 4.938271495922016E-4 0.9861595826622839 4.938271495922016E-4 4.938271495922016E-4 
0.007999999856948863 0.013369127397729256 0.007999999856948863 0.007999999856948863 0.01873825493850954 0.007999999856948863 0.007999999856948863 0.007999999856948863 0.01336912739772927 0.007999999856948863 0.013369127397729275 0.007999999856948863 0.013369127397729256 0.007999999856948863 0.007999999856948863 0.024107382479289913 0.013369127397729256 0.007999999856948863 0.007999999856948863 0.007999999856948863 0.007999999856948863 0.7489396004846413 0.007999999856948863 0.013369127397729256 0.007999999856948863 
0.0010283944109663009 0.0010283944109662994 0.0010283944109663 6.153846018413105E-4 0.21083737744645942 0.0010283944109662994 0.7692266393834388 6.153846018413105E-4 0.0010283944109663 0.0010283944109663009 0.0010283944109663009 0.0014414042200912908 6.153846018413105E-4 0.001028394410966301 6.153846018413105E-4 6.153846018413105E-4 0.0010283944109663002 0.0010283944109663002 6.153846018413105E-4 6.153846018413105E-4 6.153846018413105E-4 6.153846018413105E-4 0.0010283944109663009 0.0010283944109663009 6.153846018413105E-4 
0.004444444356141259 0.004444444356141259 0.004444444356141259 0.004444444356141259 0.004444444356141259 0.004444444356141259 0.004444444356141259 0.004444444356141259 0.01041014161182231 0.004444444356141259 0.8754362436855667 0.004444444356141259 0.004444444356141259 0.004444444356141259 0.004444444356141259 0.004444444356141259 0.004444444356141259 0.004444444356141259 0.004444444356141259 0.016375838867503188 0.004444444356141259 0.004444444356141259 0.004444444356141259 0.004444444356141259 0.004444444356141259 
0.007999999856948863 0.007999999856948863 0.013369127397729256 0.007999999856948863 0.007999999856948863 0.007999999856948863 0.007999999856948863 0.007999999856948863 0.007999999856948863 0.01336912739772927 0.007999999856948863 0.7274630903215199 0.013369127397729266 0.06706040280553308 0.007999999856948863 0.007999999856948863 0.013369127397729256 0.007999999856948863 0.007999999856948863 0.007999999856948863 0.007999999856948863 0.007999999856948863 0.007999999856948863 0.007999999856948863 0.007999999856948863 
0.022341536123184257 0.05813571965727027 0.06410141691295126 0.016375838867503243 0.02532438475102474 0.010410141611822285 0.04322147651806772 0.09989560044703703 0.028307233378865287 0.03427293063454622 0.05813571965727015 0.03427293063454629 0.028307233378865253 0.06111856828511087 0.025324384751024654 0.03129008200670567 0.028307233378865242 0.022341536123184205 0.04023862789022732 0.061118568285110586 0.0342729306345464 0.04023862789022728 0.04620432514590837 0.02532438475102468 0.061118568285110704 
0.013369127397729256 0.013369127397729266 0.007999999856948863 0.007999999856948863 0.007999999856948863 0.013369127397729256 0.013369127397729256 0.018738254938509644 0.013369127397729266 0.013369127397729256 0.007999999856948863 0.013369127397729257 0.018738254938509516 0.018738254938509644 0.007999999856948863 0.45363758574172186 0.013369127397729266 0.013369127397729256 0.013369127397729271 0.26571812181440807 0.007999999856948863 0.013369127397729256 0.007999999856948863 0.013369127397729256 0.007999999856948863 
0.024107382479290024 0.04021476510163126 0.04558389264241164 0.06706040280553333 0.04558389264241177 0.034845637560850885 0.050953020183192005 0.050953020183192095 0.029476510020070363 0.02947651002007038 0.050953020183192164 0.05095302018319209 0.04558389264241168 0.06706040280553328 0.045583892642411694 0.050953020183192026 0.05095302018319206 0.024107382479289906 0.018738254938509617 0.034845637560850844 0.03484563756085072 0.018738254938509558 0.04558389264241175 0.018738254938509627 0.024107382479289913 
0.0013793103150606964 0.0013793103150606964 0.0013793103150606964 0.0013793103150606964 0.0013793103150606964 0.0013793103150606964 0.0013793103150606964 0.0013793103150606964 0.0013793103150606964 0.0013793103150606964 0.0013793103150606964 0.0013793103150606964 0.0013793103150606964 0.0013793103150606964 0.0023050219565980824 0.9659708407970062 0.0013793103150606964 0.0013793103150606964 0.0013793103150606964 0.0013793103150606964 0.0013793103150606964 0.0013793103150606964 0.0013793103150606964 0.0013793103150606964 0.0013793103150606964 
0.016565337513601654 0.019723647821741654 0.008669561743251765 0.0070904065891818175 0.0023529411269719263 0.0055112514351118675 0.010248716897321727 0.14921437045547922 0.0023529411269719263 0.011827872051391656 0.003932096281041896 0.010248716897321718 0.005511251435111866 0.010248716897321715 0.008669561743251784 0.016565337513601692 0.013407027205461637 0.29291748947584634 0.037094354516511344 0.02446111328395148 0.007090406589181824 0.02761942359209147 0.04025266482465117 0.256596920932237 0.011827872051391727 
0.022341536123184205 0.04918717377374884 0.05515287102942988 0.06111856828511074 0.034272930634546304 0.034272930634546256 0.05515287102942968 0.03427293063454626 0.02234153612318417 0.03129008200670579 0.022341536123184194 0.07603281142431313 0.037255779262386865 0.07006711416863201 0.04918717377374896 0.04620432514590834 0.03129008200670574 0.03427293063454626 0.028307233378865333 0.04620432514590828 0.0253243847510247 0.03725577926238682 0.028307233378865204 0.02830723337886526 0.04023862789022742 
0.013369127397729256 0.050953020183192026 0.03484563756085089 0.050953020183192026 0.018738254938509575 0.024107382479289917 0.04558389264241171 0.04021476510163119 0.024107382479289917 0.02947651002007045 0.050953020183191984 0.06169127526475288 0.02947651002007044 0.05632214772397246 0.02947651002007045 0.056322147723972434 0.07242953034631372 0.024107382479289934 0.03484563756085081 0.04021476510163124 0.024107382479289948 0.0402147651016313 0.05095302018319207 0.04558389264241163 0.05095302018319209 
0.0010958301100707627 0.0010958301100707627 0.0019760149492094336 6.557376905014277E-4 0.8698382663399394 0.005496754305764111 6.557376905014277E-4 0.0015359225296400982 0.014298602697150815 0.0010958301100707601 0.005936846725333448 0.0010958301100707608 6.557376905014277E-4 0.001095830110070759 0.001095830110070759 0.08251292773039767 0.001095830110070759 6.557376905014277E-4 6.557376905014277E-4 0.004176477047056109 6.557376905014277E-4 6.557376905014277E-4 6.557376905014277E-4 6.557376905014277E-4 6.557376905014277E-4 
0.004444444356141259 0.004444444356141259 0.004444444356141259 0.004444444356141259 0.004444444356141259 0.004444444356141259 0.004444444356141259 0.004444444356141259 0.004444444356141259 0.004444444356141259 0.8933333354526096 0.004444444356141259 0.004444444356141259 0.004444444356141259 0.004444444356141259 0.004444444356141259 0.004444444356141259 0.004444444356141259 0.004444444356141259 0.004444444356141259 0.004444444356141259 0.004444444356141259 0.004444444356141259 0.004444444356141259 0.004444444356141259 
0.007999999856948863 0.007999999856948863 0.007999999856948863 0.007999999856948863 0.007999999856948863 0.007999999856948863 0.8080000034332252 0.007999999856948863 0.007999999856948863 0.007999999856948863 0.007999999856948863 0.007999999856948863 0.007999999856948863 0.007999999856948863 0.007999999856948863 0.007999999856948863 0.007999999856948863 0.007999999856948863 0.007999999856948863 0.007999999856948863 0.007999999856948863 0.007999999856948863 0.007999999856948863 0.007999999856948863 0.007999999856948863 
0.007427292983981746 0.0581357196572704 0.06410141691295107 0.025324384751024654 0.05813571965727027 0.025324384751024706 0.05217002240158936 0.040238627890227266 0.04322147651806778 0.037255779262386685 0.040238627890227245 0.05515287102942981 0.0133929902396628 0.03725577926238674 0.04322147651806777 0.052170022401589404 0.04023862789022726 0.022341536123184166 0.040238627890227384 0.07603281142431316 0.010410141611822292 0.04918717377374887 0.028307233378865183 0.025324384751024633 0.05515287102942975 
0.0017677598927024177 7.54716964581125E-4 0.012911232102036672 7.54716964581125E-4 7.54716964581125E-4 7.54716964581125E-4 7.54716964581125E-4 0.04735469165816042 7.54716964581125E-4 0.0012612384286417714 0.002780802820823711 7.54716964581125E-4 7.54716964581125E-4 7.54716964581125E-4 7.54716964581125E-4 0.0022742813567630644 0.9170520454502878 7.54716964581125E-4 7.54716964581125E-4 0.0012612384286417714 7.54716964581125E-4 0.0012612384286417714 7.54716964581125E-4 7.54716964581125E-4 7.54716964581125E-4 
0.04558389264241162 0.0455838926424116 0.05632214772397251 0.024107382479289913 0.05095302018319213 0.029476510020070446 0.04558389264241165 0.0455838926424117 0.03484563756085083 0.02410738247928991 0.03484563756085085 0.0455838926424116 0.05632214772397251 0.045583892642411666 0.0563221477239724 0.04021476510163132 0.018738254938509568 0.018738254938509592 0.04021476510163126 0.04558389264241168 0.018738254938509624 0.029476510020070415 0.0616912752647529 0.04021476510163122 0.04558389264241161 
7.01754370554665E-4 7.01754370554665E-4 7.01754370554665E-4 7.01754370554665E-4 7.01754370554665E-4 7.01754370554665E-4 7.01754370554665E-4 7.01754370554665E-4 0.9826869190085407 7.01754370554665E-4 7.01754370554665E-4 7.01754370554665E-4 7.01754370554665E-4 7.01754370554665E-4 7.01754370554665E-4 7.01754370554665E-4 7.01754370554665E-4 7.01754370554665E-4 7.01754370554665E-4 7.01754370554665E-4 7.01754370554665E-4 7.01754370554665E-4 7.01754370554665E-4 0.0011727304687023802 7.01754370554665E-4 
8.888888694621888E-4 8.888888694621888E-4 8.888888694621888E-4 8.888888694621888E-4 8.888888694621888E-4 8.888888694621888E-4 8.888888694621888E-4 8.888888694621888E-4 8.888888694621888E-4 8.888888694621888E-4 0.957190157055127 8.888888694621888E-4 8.888888694621888E-4 8.888888694621888E-4 8.888888694621888E-4 8.888888694621888E-4 8.888888694621888E-4 8.888888694621888E-4 8.888888694621888E-4 8.888888694621888E-4 8.888888694621888E-4 8.888888694621888E-4 8.888888694621888E-4 8.888888694621888E-4 0.022365398947243844 
0.004444444356141259 0.004444444356141259 0.007427292983981738 0.007427292983981746 0.01041014161182227 0.004444444356141259 0.007427292983981748 0.004444444356141259 0.004444444356141259 0.004444444356141259 0.8426249087793216 0.004444444356141259 0.007427292983981764 0.004444444356141259 0.004444444356141259 0.007427292983981757 0.010410141611822266 0.007427292983981761 0.007427292983981775 0.007427292983981761 0.004444444356141259 0.007427292983981759 0.010410141611822283 0.007427292983981771 0.007427292983981738 
0.013369127397729256 0.013369127397729256 0.007999999856948863 0.007999999856948863 0.018738254938509644 0.007999999856948863 0.03484563756085083 0.02410738247929 0.018738254938509568 0.007999999856948863 0.007999999856948863 0.013369127397729268 0.01873825493850965 0.6308187945874736 0.034845637560850753 0.007999999856948863 0.013369127397729256 0.018738254938509624 0.018738254938509627 0.013369127397729259 0.007999999856948863 0.013369127397729256 0.02410738247929 0.007999999856948863 0.013369127397729256 
0.0010810810575701186 0.0010810810575701186 0.0010810810575701186 0.0010810810575701186 0.9537384369749897 0.0010810810575701186 0.0010810810575701186 0.0010810810575701186 0.0010810810575701186 0.0010810810575701186 0.0010810810575701186 0.0010810810575701186 0.0010810810575701186 0.0010810810575701186 0.001806638830546064 0.019220025381968823 0.0018066388305460696 0.0010810810575701186 0.0010810810575701186 0.0010810810575701186 0.0010810810575701186 0.0010810810575701186 0.0010810810575701186 0.0018066388305460655 0.0010810810575701186 
0.011337119207300423 0.06502839446740036 0.015467217304231158 0.005141972061904242 0.011337119207300406 0.013402168255765796 0.017532266352696505 0.0877439340005195 0.011337119207300406 0.00514197206190424 0.011337119207300423 0.00514197206190423 0.14969540545448146 0.3623954574464164 0.009272070158835022 0.03818275683735042 0.0072070211103696085 0.0051419720619042385 0.007207021110369623 0.015467217304231168 0.0030769230134388295 0.007207021110369642 0.005141972061904241 0.12491481687289653 0.005141972061904222 
0.0015999999656677291 0.0015999999656677291 0.0026738254699835086 0.0015999999656677291 0.0015999999656677291 0.0015999999656677291 0.957304698806714 0.0015999999656677291 0.0015999999656677291 0.0015999999656677291 0.0015999999656677291 0.0015999999656677291 0.0015999999656677291 0.0015999999656677291 0.0026738254699835086 0.0015999999656677291 0.003747650974299288 0.0015999999656677291 0.0015999999656677291 0.0015999999656677291 0.0015999999656677291 0.0015999999656677291 0.0015999999656677291 0.0015999999656677291 0.0015999999656677291 
0.005511251435111866 0.0023529411269719263 0.005511251435111866 0.003932096281041896 0.003932096281041897 0.005511251435111866 0.6040110548276301 0.0023529411269719263 0.0023529411269719263 0.003932096281041896 0.30397157555433624 0.003932096281041896 0.003932096281041896 0.0023529411269719263 0.0023529411269719263 0.0023529411269719263 0.016565337513601588 0.0023529411269719263 0.0023529411269719263 0.0023529411269719263 0.003932096281041897 0.005511251435111866 0.0023529411269719263 0.0023529411269719263 0.003932096281041896 
0.01336912739772927 0.05095302018319209 0.024107382479289945 0.02410738247928996 0.02410738247928994 0.05095302018319206 0.04558389264241163 0.04021476510163119 0.01873825493850965 0.04021476510163123 0.04558389264241164 0.05632214772397251 0.024107382479289934 0.06169127526475293 0.06169127526475291 0.04021476510163116 0.034845637560850844 0.04558389264241169 0.0509530201831921 0.06169127526475285 0.040214765101631335 0.04021476510163124 0.01873825493850963 0.050953020183192047 0.03484563756085091 
0.0031831255600462483 0.00829658034337315 0.20772131689312257 0.06965803774329607 0.005739852951709703 0.0031831255600462565 0.004461489255877973 0.017245126214195244 0.5579929695510141 0.007018216647541427 0.001904761864214529 0.009574944039204877 0.007018216647541431 0.05303930969748377 0.00829658034337315 0.001904761864214529 0.0031831255600462513 0.001904761864214529 0.003183125560046243 0.004461489255877983 0.005739852951709696 0.001904761864214529 0.003183125560046243 0.003183125560046243 0.007018216647541427 
0.022341536123184177 0.0372557792623868 0.03129008200670571 0.05515287102942971 0.05515287102942979 0.02532438475102465 0.031290082006705876 0.03129008200670572 0.055152871029429826 0.025324384751024647 0.07603281142431322 0.04322147651806777 0.031290082006705806 0.03427293063454625 0.05515287102942976 0.052170022401589314 0.049187173773748774 0.04620432514590835 0.07006711416863223 0.034272930634546186 0.03427293063454636 0.010410141611822292 0.028307233378865142 0.028307233378865163 0.03725577926238675 
0.0015999999656677291 0.0015999999656677291 0.0015999999656677291 0.9562308733023981 0.0015999999656677291 0.0015999999656677291 0.0026738254699835086 0.0015999999656677291 0.0015999999656677291 0.0015999999656677291 0.0015999999656677291 0.0015999999656677291 0.0015999999656677291 0.0015999999656677291 0.0015999999656677291 0.0015999999656677291 0.0015999999656677291 0.0015999999656677291 0.0026738254699835086 0.0015999999656677291 0.0015999999656677291 0.0015999999656677291 0.0026738254699835086 0.0037476509742992896 0.0015999999656677291 
0.007999999856948863 0.02947651002007039 0.01873825493850965 0.007999999856948863 0.01873825493850965 0.007999999856948863 0.6630335598321556 0.013369127397729266 0.007999999856948863 0.013369127397729256 0.013369127397729266 0.007999999856948863 0.007999999856948863 0.03484563756085087 0.013369127397729256 0.007999999856948863 0.013369127397729273 0.013369127397729256 0.013369127397729264 0.01873825493850955 0.007999999856948863 0.007999999856948863 0.013369127397729264 0.007999999856948863 0.029476510020070398 
0.0010810810575701186 0.0010810810575701186 0.03590785416041574 0.0010810810575701186 0.0010810810575701186 0.0018066388305460698 0.0010810810575701186 0.2666352259667671 0.0010810810575701186 0.0010810810575701186 0.6685942321954433 0.0010810810575701186 0.0010810810575701186 0.0010810810575701186 0.0010810810575701186 0.0018066388305460707 0.0018066388305460661 0.0010810810575701186 0.0025321966035220006 0.0018066388305460713 0.0010810810575701186 0.0010810810575701186 0.0010810810575701186 0.0010810810575701186 0.001806638830546067 
0.007999999856948863 0.007999999856948863 0.013369127397729256 0.01336912739772927 0.007999999856948863 0.007999999856948863 0.013369127397729262 0.007999999856948863 0.007999999856948863 0.007999999856948863 0.007999999856948863 0.007999999856948863 0.007999999856948863 0.7865234932701037 0.007999999856948863 0.007999999856948863 0.007999999856948863 0.007999999856948863 0.007999999856948863 0.01336912739772927 0.007999999856948863 0.007999999856948863 0.007999999856948863 0.007999999856948863 0.007999999856948863 
0.002305021956598082 0.0032307335981354595 0.0013793103150606964 0.0013793103150606964 0.5188521179344533 0.0013793103150606964 0.018042119862733522 0.009710715088897124 0.0013793103150606964 0.0013793103150606964 0.0013793103150606964 0.0023050219565980846 0.0032307335981354513 0.40961814423304277 0.002305021956598081 0.0013793103150606964 0.0013793103150606964 0.0013793103150606964 0.0032307335981354656 0.0013793103150606964 0.0023050219565980846 0.0013793103150606964 0.004156445239672824 0.0032307335981354617 0.0023050219565980846 
0.007999999856948863 0.007999999856948863 0.007999999856948863 0.013369127397729256 0.007999999856948863 0.007999999856948863 0.007999999856948863 0.007999999856948863 0.007999999856948863 0.007999999856948863 0.7972617483516644 0.007999999856948863 0.007999999856948863 0.007999999856948863 0.007999999856948863 0.007999999856948863 0.007999999856948863 0.007999999856948863 0.007999999856948863 0.013369127397729273 0.007999999856948863 0.007999999856948863 0.007999999856948863 0.007999999856948863 0.007999999856948863 
0.0023529411269719263 0.0023529411269719263 0.0023529411269719263 0.8929964480224329 0.0023529411269719263 0.003932096281041899 0.003932096281041896 0.0023529411269719263 0.0023529411269719263 0.003932096281041899 0.003932096281041899 0.0023529411269719263 0.0023529411269719263 0.003932096281041896 0.0023529411269719263 0.0023529411269719263 0.0023529411269719263 0.003932096281041896 0.0023529411269719263 0.0023529411269719263 0.0023529411269719263 0.04183181997872128 0.003932096281041896 0.0023529411269719263 0.0023529411269719263 
0.0015999999656677291 0.0015999999656677291 0.0015999999656677291 0.003747650974299288 0.003747650974299288 0.003747650974299288 0.005895301982930847 0.0015999999656677291 0.0026738254699835086 0.0015999999656677291 0.0037476509742992888 0.3130093962172455 0.11113020140587723 0.0015999999656677291 0.0015999999656677291 0.0015999999656677291 0.011264429504509746 0.0015999999656677291 0.0026738254699835086 0.5127409400199788 0.0037476509742992888 0.0015999999656677291 0.0015999999656677291 0.0026738254699835086 0.0015999999656677291 
0.0030769230134388295 0.0030769230134388295 0.0030769230134388295 0.0030769230134388295 0.0030769230134388295 0.0030769230134388295 0.0030769230134388295 0.0030769230134388295 0.0030769230134388295 0.0030769230134388295 0.9261538476774677 0.0030769230134388295 0.0030769230134388295 0.0030769230134388295 0.0030769230134388295 0.0030769230134388295 0.0030769230134388295 0.0030769230134388295 0.0030769230134388295 0.0030769230134388295 0.0030769230134388295 0.0030769230134388295 0.0030769230134388295 0.0030769230134388295 0.0030769230134388295 
0.018738254938509606 0.05632214772397248 0.04021476510163125 0.040214765101631245 0.03484563756085082 0.03484563756085074 0.04021476510163124 0.05632214772397253 0.029476510020070467 0.03484563756085083 0.06706040280553334 0.04558389264241155 0.034845637560850865 0.02947651002007045 0.04558389264241164 0.034845637560850865 0.04558389264241178 0.029476510020070405 0.02947651002007044 0.05632214772397246 0.029476510020070342 0.05095302018319216 0.0509530201831921 0.03484563756085082 0.02947651002007033 
0.007999999856948863 0.007999999856948863 0.007999999856948863 0.013369127397729256 0.007999999856948863 0.7328322178623002 0.007999999856948863 0.007999999856948863 0.013369127397729264 0.007999999856948863 0.029476510020070467 0.04558389264241163 0.007999999856948863 0.013369127397729268 0.007999999856948863 0.007999999856948863 0.007999999856948863 0.007999999856948863 0.007999999856948863 0.007999999856948863 0.007999999856948863 0.007999999856948863 0.007999999856948863 0.007999999856948863 0.007999999856948863 
0.0010283944109663007 0.2922003098440829 6.153846018413105E-4 0.0010283944109662992 6.153846018413105E-4 6.153846018413105E-4 0.0035064532657162143 0.0010283944109662972 6.153846018413105E-4 0.0010283944109663009 0.6829075892763191 0.001028394410966299 0.0010283944109663005 0.001441404220091292 0.0010283944109663009 6.153846018413105E-4 6.153846018413105E-4 6.153846018413105E-4 0.0010283944109663009 6.153846018413105E-4 0.0010283944109663009 0.0018544140292162756 6.153846018413105E-4 0.0010283944109663009 0.002267423838341256 
6.153846018413105E-4 6.153846018413105E-4 6.153846018413105E-4 0.9827527107010601 0.0010283944109662987 6.153846018413105E-4 0.0010283944109662972 0.0010283944109663009 6.153846018413105E-4 6.153846018413105E-4 6.153846018413105E-4 6.153846018413105E-4 6.153846018413105E-4 6.153846018413105E-4 6.153846018413105E-4 0.001441404220091287 6.153846018413105E-4 6.153846018413105E-4 6.153846018413105E-4 6.153846018413105E-4 6.153846018413105E-4 0.0010283944109663005 6.153846018413105E-4 6.153846018413105E-4 6.153846018413105E-4 
0.004444444356141259 0.010410141611822278 0.00742729298398177 0.010410141611822247 0.6875167801316153 0.004444444356141259 0.11480984358623961 0.01041014161182228 0.007427292983981757 0.013392990239662778 0.010410141611822304 0.007427292983981738 0.004444444356141259 0.025324384751024786 0.004444444356141259 0.004444444356141259 0.004444444356141259 0.007427292983981775 0.010410141611822292 0.013392990239662785 0.01041014161182226 0.007427292983981752 0.00742729298398177 0.004444444356141259 0.007427292983981761 
0.0012121211858491894 0.009347162883447908 0.007720154543928181 0.0044661378648886965 0.0028391295253689303 0.002025625355609055 0.0077201545439282105 0.0028391295253689356 0.0028391295253689295 0.0020256253556090553 0.0060931462044084665 0.0044661378648886895 0.005279642034648603 0.018295708750806515 0.0036526336951288227 0.0020256253556090605 0.002025625355609064 0.0012121211858491894 0.8700345744893969 0.006093146204408457 0.002025625355609062 0.0012121211858491894 0.005279642034648598 0.008533658713688047 0.020736221260086157 
0.0013793103150606964 0.0032307335981354673 0.0013793103150606964 0.0013793103150606964 0.12172182371491948 0.0013793103150606964 0.0013793103150606964 0.0013793103150606964 0.0013793103150606964 0.0013793103150606964 0.005082156881210202 0.0013793103150606964 0.0013793103150606964 0.0013793103150606964 0.0013793103150606964 0.7937884754710532 0.0013793103150606964 0.0013793103150606964 0.0013793103150606964 0.0013793103150606964 0.0013793103150606964 0.0013793103150606964 0.002305021956598084 0.04673918075039211 0.0023050219565980846 
8.888888694621888E-4 8.888888694621888E-4 8.888888694621888E-4 8.888888694621888E-4 8.888888694621888E-4 8.888888694621888E-4 8.888888694621888E-4 8.888888694621888E-4 8.888888694621888E-4 8.888888694621888E-4 0.007451155837673225 8.888888694621888E-4 8.888888694621888E-4 8.888888694621888E-4 8.888888694621888E-4 8.888888694621888E-4 0.9721044001646971 8.888888694621888E-4 8.888888694621888E-4 8.888888694621888E-4 8.888888694621888E-4 8.888888694621888E-4 8.888888694621888E-4 8.888888694621888E-4 8.888888694621888E-4 
1.990049706984E-4 1.990049706984E-4 3.3256535670276764E-4 1.990049706984E-4 4.6612574270713555E-4 3.325653567027678E-4 0.8700777990171458 1.990049706984E-4 1.990049706984E-4 1.990049706984E-4 1.990049706984E-4 1.990049706984E-4 1.990049706984E-4 1.990049706984E-4 1.990049706984E-4 0.12481084511277346 1.990049706984E-4 1.990049706984E-4 1.990049706984E-4 1.990049706984E-4 1.990049706984E-4 1.990049706984E-4 1.990049706984E-4 1.990049706984E-4 1.990049706984E-4 
0.019358687495343727 0.016375838867503253 0.013392990239662802 0.03129008200670587 0.010410141611822262 0.007427292983981763 0.013392990239662759 0.004444444356141259 0.010410141611822273 0.004444444356141259 0.013392990239662806 0.007427292983981775 0.2132438483049762 0.010410141611822271 0.004444444356141259 0.007427292983981761 0.03129008200670571 0.105861297702718 0.013392990239662768 0.007427292983981765 0.004444444356141259 0.007427292983981771 0.007427292983981752 0.007427292983981738 0.42800894950949125 
0.03129008200670586 0.007427292983981775 0.010410141611822262 0.019358687495343658 0.6427740507140077 0.004444444356141259 0.016375838867503194 0.013392990239662774 0.010410141611822306 0.01339299023966281 0.007427292983981758 0.010410141611822273 0.016375838867503233 0.03725577926238674 0.016375838867503205 0.028307233378865176 0.007427292983981775 0.007427292983981738 0.010410141611822283 0.028307233378865183 0.013392990239662778 0.0104101416118223 0.01935868749534365 0.007427292983981744 0.010410141611822308 
0.005141972061904246 0.011337119207300421 0.0030769230134388295 0.017532266352696446 0.015467217304231161 0.10013422829131154 0.021662364449627183 0.009272070158835015 0.007207021110369644 0.0030769230134388295 0.013402168255765793 0.6762829128131562 0.011337119207300413 0.023727413498092736 0.0051419720619042455 0.005141972061904241 0.009272070158835018 0.0030769230134388295 0.009272070158835025 0.007207021110369625 0.013402168255765802 0.007207021110369642 0.0030769230134388295 0.007207021110369636 0.011337119207300418 
0.002025625355609064 0.0012121211858491894 0.0012121211858491894 0.0012121211858491894 0.0012121211858491894 0.0012121211858491894 0.0012121211858491894 0.0012121211858491894 0.9668415706908224 0.002839129525368936 0.0012121211858491894 0.0012121211858491894 0.0012121211858491894 0.0012121211858491894 0.0012121211858491894 0.0012121211858491894 0.0012121211858491894 0.0012121211858491894 0.0012121211858491894 0.0012121211858491894 0.0012121211858491894 0.0012121211858491894 0.0012121211858491894 0.0012121211858491894 0.0028391295253689317 
0.0030769230134388295 0.009272070158835024 0.0030769230134388295 0.005141972061904233 0.0030769230134388295 0.005141972061904237 0.8931130629020219 0.005141972061904238 0.0030769230134388295 0.0030769230134388295 0.00720702111036963 0.007207021110369636 0.0051419720619042455 0.005141972061904243 0.0030769230134388295 0.0030769230134388295 0.0030769230134388295 0.00514197206190424 0.005141972061904244 0.0030769230134388295 0.0030769230134388295 0.0030769230134388295 0.0030769230134388295 0.00720702111036963 0.0030769230134388295 
0.007999999856948863 0.007999999856948863 0.007999999856948863 0.007999999856948863 0.013369127397729271 0.007999999856948863 0.39457718279313764 0.007999999856948863 0.007999999856948863 0.013369127397729256 0.007999999856948863 0.013369127397729256 0.007999999856948863 0.007999999856948863 0.018738254938509544 0.018738254938509658 0.007999999856948863 0.007999999856948863 0.013369127397729256 0.013369127397729268 0.007999999856948863 0.013369127397729256 0.007999999856948863 0.36773154508923567 0.007999999856948863 
0.010190604000193965 0.004821476478615068 0.0015999999656677291 0.0026738254699835086 0.0015999999656677291 0.0015999999656677291 0.0015999999656677291 0.008042952991562408 0.0015999999656677291 0.0015999999656677291 0.9390496652333457 0.0015999999656677291 0.0015999999656677291 0.0037476509742992888 0.0015999999656677291 0.0015999999656677291 0.0015999999656677291 0.0015999999656677291 0.0026738254699835086 0.0015999999656677291 0.0015999999656677291 0.0015999999656677291 0.0015999999656677291 0.0015999999656677291 0.0015999999656677291 
0.003489932874727079 5.479451933996946E-4 0.0012834421137315438 5.479451933996946E-4 5.479451933996946E-4 0.9743458677127665 5.479451933996946E-4 5.479451933996946E-4 5.479451933996946E-4 0.001283442113731546 5.479451933996946E-4 5.479451933996946E-4 9.156936535656192E-4 5.479451933996946E-4 5.479451933996946E-4 5.479451933996946E-4 0.0042254297950589355 5.479451933996946E-4 5.479451933996946E-4 0.002754435954395239 9.156936535656204E-4 0.0012834421137315468 0.0012834421137315507 5.479451933996946E-4 5.479451933996946E-4 
0.0010810810575701186 0.0010810810575701186 0.0010810810575701186 0.0010810810575701186 0.0010810810575701186 0.0010810810575701186 0.0010810810575701186 0.0010810810575701186 0.0010810810575701186 0.0010810810575701186 0.0010810810575701186 0.0010810810575701186 0.0010810810575701186 0.0010810810575701186 0.9740540546183171 0.0010810810575701186 0.0010810810575701186 0.0010810810575701186 0.0010810810575701186 0.0010810810575701186 0.0010810810575701186 0.0010810810575701186 0.0010810810575701186 0.0010810810575701186 0.0010810810575701186 
0.002305021956598082 0.0013793103150606964 0.0013793103150606964 0.002305021956598073 0.0013793103150606964 0.0013793103150606964 0.0013793103150606964 0.0013793103150606964 0.0013793103150606964 0.0013793103150606964 0.0013793103150606964 0.961342282589319 0.0013793103150606964 0.0023050219565980837 0.0013793103150606964 0.002305021956598084 0.0023050219565980846 0.0013793103150606964 0.0013793103150606964 0.0013793103150606964 0.0023050219565980833 0.0013793103150606964 0.0013793103150606964 0.0013793103150606964 0.0013793103150606964 
0.0023529411269719263 0.0023529411269719263 0.0023529411269719263 0.0023529411269719263 0.0023529411269719263 0.011827872051391639 0.0023529411269719263 0.0023529411269719263 0.0023529411269719263 0.003932096281041899 0.0023529411269719263 0.0023529411269719263 0.0023529411269719263 0.0023529411269719263 0.005511251435111869 0.003932096281041896 0.0023529411269719263 0.0023529411269719263 0.0023529411269719263 0.0023529411269719263 0.0023529411269719263 0.9166837753334827 0.0023529411269719263 0.013407027205461644 0.0023529411269719263 
0.0012121211858491894 0.0012121211858491894 0.0012121211858491894 0.0012121211858491894 0.0012121211858491894 0.0012121211858491894 0.0012121211858491894 0.0020256253556090583 0.0012121211858491894 0.0012121211858491894 0.0012121211858491894 0.0012121211858491894 0.0012121211858491894 0.002025625355609064 0.9676550748605824 0.0012121211858491894 0.0012121211858491894 0.0012121211858491894 0.0012121211858491894 0.002839129525368933 0.0012121211858491894 0.0012121211858491894 0.0012121211858491894 0.0012121211858491894 0.0012121211858491894 
8.888888694621888E-4 8.888888694621888E-4 0.0014854585938450144 8.888888694621888E-4 0.0020820283182278374 8.888888694621888E-4 8.888888694621888E-4 8.888888694621888E-4 8.888888694621888E-4 8.888888694621888E-4 8.888888694621888E-4 8.888888694621888E-4 8.888888694621888E-4 0.976280388235377 8.888888694621888E-4 8.888888694621888E-4 8.888888694621888E-4 8.888888694621888E-4 8.888888694621888E-4 8.888888694621888E-4 8.888888694621888E-4 0.0014854585938450149 8.888888694621888E-4 8.888888694621888E-4 8.888888694621888E-4 
0.0012121211858491894 0.0012121211858491894 0.0012121211858491894 0.0012121211858491894 0.0890705715199156 0.0012121211858491894 0.0012121211858491894 0.0012121211858491894 0.0012121211858491894 0.0012121211858491894 0.0012121211858491894 0.0012121211858491894 0.0012121211858491894 0.0012121211858491894 0.0012121211858491894 0.002025625355609056 0.0012121211858491894 0.0012121211858491894 0.0012121211858491894 0.8822371370357955 0.0012121211858491894 0.0012121211858491894 0.0012121211858491894 0.0012121211858491894 0.0012121211858491894 
0.007999999856948863 0.007999999856948863 0.007999999856948863 0.013369127397729271 0.007999999856948863 0.1368590608356785 0.018738254938509606 0.013369127397729256 0.007999999856948863 0.007999999856948863 0.007999999856948863 0.6308187945874735 0.013369127397729273 0.01873825493850963 0.007999999856948863 0.007999999856948863 0.013369127397729266 0.007999999856948863 0.007999999856948863 0.013369127397729256 0.007999999856948863 0.007999999856948863 0.007999999856948863 0.007999999856948863 0.007999999856948863 
0.004444444356141259 0.004444444356141259 0.06111856828511074 0.004444444356141259 0.004444444356141259 0.004444444356141259 0.004444444356141259 0.8306935142679592 0.004444444356141259 0.004444444356141259 0.004444444356141259 0.004444444356141259 0.004444444356141259 0.004444444356141259 0.004444444356141259 0.004444444356141259 0.010410141611822313 0.004444444356141259 0.004444444356141259 0.004444444356141259 0.004444444356141259 0.004444444356141259 0.004444444356141259 0.004444444356141259 0.004444444356141259 
0.004444444356141259 0.004444444356141259 0.004444444356141259 0.004444444356141259 0.004444444356141259 0.004444444356141259 0.007427292983981761 0.004444444356141259 0.004444444356141259 0.004444444356141259 0.8903504868247692 0.004444444356141259 0.004444444356141259 0.004444444356141259 0.004444444356141259 0.004444444356141259 0.004444444356141259 0.004444444356141259 0.004444444356141259 0.004444444356141259 0.004444444356141259 0.004444444356141259 0.004444444356141259 0.004444444356141259 0.004444444356141259 
0.0030769230134388295 0.0030769230134388295 0.0030769230134388295 0.0030769230134388295 0.0030769230134388295 0.0030769230134388295 0.0030769230134388295 0.0030769230134388295 0.0030769230134388295 0.0030769230134388295 0.9261538476774677 0.0030769230134388295 0.0030769230134388295 0.0030769230134388295 0.0030769230134388295 0.0030769230134388295 0.0030769230134388295 0.0030769230134388295 0.0030769230134388295 0.0030769230134388295 0.0030769230134388295 0.0030769230134388295 0.0030769230134388295 0.0030769230134388295 0.0030769230134388295 
8.163265127383014E-4 0.0013641966677615355 0.0013641966677615355 8.163265127383014E-4 0.0019120668227847618 8.163265127383014E-4 0.9004191210608903 8.163265127383014E-4 0.001364196667761536 8.163265127383014E-4 8.163265127383014E-4 8.163265127383014E-4 8.163265127383014E-4 0.07532666759589822 8.163265127383014E-4 0.0013641966677615355 0.0013641966677615355 8.163265127383014E-4 8.163265127383014E-4 0.001364196667761536 8.163265127383014E-4 8.163265127383014E-4 0.0019120668227847618 8.163265127383014E-4 8.163265127383014E-4 
0.004444444356141259 0.004444444356141259 0.01041014161182229 0.022341536123184152 0.01339299023966281 0.1028784490748772 0.016375838867503306 0.019358687495343762 0.004444444356141259 0.013392990239662816 0.004444444356141259 0.648739747969689 0.007427292983981759 0.01339299023966274 0.02532438475102468 0.01637583886750329 0.004444444356141259 0.004444444356141259 0.007427292983981764 0.013392990239662807 0.004444444356141259 0.01041014161182227 0.00742729298398177 0.007427292983981744 0.013392990239662802 
