2.2552122404086646E-5 0.0012115049984544569 4.521972668923654E-4 6.830727904738976E-4 0.003470851659860977 0.0013902433761509593 3.085504819894951E-5 1.5763084867324642E-5 0.001535202831726685 9.223566683292828E-6 4.53881319826004E-4 0.08115948560102725 1.145610185964397E-4 4.616857528472255E-5 0.022810073126013672 1.2998412826930515E-4 0.8555904212002816 0.030402496042660467 9.285956089233045E-5 3.7860268143530273E-4 
2.0287430691062357E-5 2.3505218601120164E-4 1.4901284932927265E-4 5.7056239051009663E-5 3.1157564619598856E-4 5.960132206665925E-5 8.537582665773324E-6 9.789743062558078E-5 0.006037788546935178 8.881822235434699E-5 0.0015924448746951311 9.650590384148322E-5 6.041281475020481E-6 0.029178075581567233 1.3458700628992952E-5 5.680662868332619E-5 6.636625630858222E-5 2.5615926657520883E-5 0.9618372728198626 6.178457035404685E-5 
0.03998276388515331 0.621252928950237 6.784953181930523E-4 0.0022626859249212697 7.361517065480942E-6 0.00837878081200373 0.01305727869520436 1.4518435660888936E-4 0.026469261483912467 0.0031586910886936604 0.029285443898974937 0.13895380722238257 3.4922234156668205E-4 0.044122663742005845 0.013660555207909769 0.019982289337311093 0.007874812744877106 1.1301622182107044E-5 0.02847925282080292 0.001887219029993897 
5.424159965571158E-4 0.003792085485880396 4.3126017177710765E-5 0.00284852039325084 4.9820446452603166E-5 0.0017588317780360282 6.578376726964432E-5 9.36231743190515E-6 0.5389403953645443 2.4920937674820526E-5 0.053453900946575525 0.20708794867239064 4.5577434720425075E-4 2.1276506808876608E-4 0.07982414815479874 4.361551252078128E-5 0.021221861297579928 1.2666371475415097E-4 0.08934664713700911 1.514126448026875E-4 
4.6898635208907297E-4 2.8831138395364358E-5 1.2216855489786868E-5 1.7171581305216655E-5 1.0677533830535057E-5 1.8781993581168555E-5 0.9901695531415401 2.3297510132702602E-4 3.665915033951951E-5 1.0670984590906787E-5 6.112294802892494E-4 0.007040451500424314 0.0011784733668582811 4.075907644922819E-6 1.4033054534969974E-5 4.080693529784039E-6 2.2255603419491003E-5 9.268915801997253E-5 1.3855633599044494E-5 1.2331769191227008E-5 
5.511873298658481E-6 5.186907348856207E-5 0.16367928309856342 4.668752515869847E-6 2.635479816689879E-6 2.2545274984264632E-5 1.1901277700195842E-6 1.1385860880414524E-6 3.1636173345373667E-6 0.004356439673233646 3.061557828848611E-5 2.4356828273230794E-4 6.878594761775969E-7 6.097806047925973E-6 6.878594761775969E-7 0.25068200470449836 2.010543928769387E-6 2.002945378904233E-6 3.70327457972947E-6 0.5809001755884995 
0.0019973199120013377 3.085322438712426E-4 1.831046295927346E-5 0.0327097994250792 0.026862957774498944 0.03660961882130368 9.436725639953749E-5 0.6377370319432064 1.0021324325827175E-5 2.46379379030051E-5 0.008464810716812952 0.24888236800719774 4.815124835013508E-6 6.786136467412028E-6 0.005747790963490781 3.33396453750391E-5 4.503605238840242E-4 8.69405380775864E-6 8.150817667849622E-6 2.0286908912949067E-5 
1.0053298468526322E-5 2.4785609212120267E-4 3.3336569353180136E-6 3.1094843294094064E-6 4.308284803749171E-6 4.304795719722547E-6 2.947739565154583E-6 6.155634865754274E-4 2.5846078868769727E-5 0.6176679497737391 1.4975234630844642E-4 0.023121941858645943 5.603430181872419E-6 1.0159678999637183E-6 2.4333615441847672E-6 0.3092848466761679 3.846875968776939E-6 1.0159678999637183E-6 1.2613541776902686E-5 0.04883165728247948 
0.9990639207907541 6.232278451904869E-5 2.855814514769176E-5 6.375838377601849E-5 1.686986685436992E-5 1.686986685436992E-5 1.686986685436992E-5 1.686986685436992E-5 1.686986685436992E-5 6.356223014047741E-5 2.4190995574622351E-4 6.21087059866776E-5 1.686986685436992E-5 1.686986685436992E-5 7.320376038824083E-5 1.686986685436992E-5 1.686986685436992E-5 9.780772781546982E-5 2.8850247782657504E-5 6.21684662542694E-5 
2.441397134650303E-6 0.005523785894490483 1.727160419016028E-5 0.028460059812226015 0.8432400811868392 0.07655863371994932 1.0637375481318365E-5 0.03738732061981007 3.7525748089397356E-4 2.441397134650303E-6 9.605755059217467E-5 0.0021675780329048822 2.5576071318875255E-5 5.682684392440511E-6 2.0550147198348455E-5 6.107782677735528E-5 0.005955073100563078 5.6540882554970305E-6 7.745836466709599E-5 7.361645180306353E-6 
2.13256851192088E-4 0.023990090775180137 1.1391394154242182E-4 6.407667328566306E-6 9.158102615523623E-6 4.124835640171187E-5 0.0011276265629922876 4.344551366947545E-5 0.0031172956406968605 1.685781784701198E-6 3.183622227978081E-4 0.011149087378799848 1.2385262777669972E-5 0.9564597656618565 6.310565683188222E-6 9.726635674246888E-6 1.1813122818298141E-5 7.689605340333919E-6 0.003217916793742146 1.4281355710639806E-4 
1.7382921816628727E-5 3.477190296542144E-6 3.477190296542144E-6 2.9234649461357352E-5 0.004954937929438733 8.14976671772611E-6 1.7498280757222413E-5 8.126268570290786E-6 8.111821465648909E-6 5.8195780516669676E-6 0.03308859970737464 0.13637797840520122 3.477190296542144E-6 3.477190296542144E-6 0.7864388709258566 1.0484787466231262E-5 0.034920363043930515 0.004012153026215594 8.024255661404107E-5 8.137569875830766E-6 
5.564864348389976E-6 1.3573607365213435E-5 3.990649814409093E-6 0.9797035944102244 0.0014136763856605124 0.0014342868040833445 3.965468042760316E-6 2.3104039684898438E-5 8.225625551410493E-5 2.3777954945060923E-6 7.91437571177448E-5 0.014110825894712263 5.563727091145795E-6 1.2000650296305827E-5 2.9312628052568123E-5 3.735994854338626E-5 1.6739265232121917E-5 5.560360807020865E-6 0.0025742487033056072 4.428547846095302E-4 
3.155683160969233E-5 1.7135273811179474E-5 9.878485119859054E-6 3.190942189469507E-5 2.5431028811321736E-4 0.9075367893040692 1.1947775852825361E-5 2.2402503023205056E-5 1.699177596562057E-5 6.28280846728163E-6 0.010672864043742307 0.08120106578678794 6.370566207055263E-6 1.1542547265895411E-5 8.18013262987855E-5 1.8795081985715785E-5 4.532959303709047E-6 8.029819598271521E-6 2.2600293561182227E-5 3.319310732218862E-5 
0.8449833549561071 0.027079021381384343 3.4127268363819645E-4 1.098801188691474E-4 3.378327544479738E-5 0.0011482689229013877 3.815534842614377E-4 0.022499180846302737 1.1390630376600524E-5 6.283342550207333E-4 0.0013635611455292333 0.00200937447451962 4.910574719512907E-5 0.0914834614626074 4.991973088500037E-5 0.007315412297116655 4.203511559884537E-5 1.0380796111079424E-4 1.1693712635774846E-4 2.5034438477294034E-4 
2.3411478830499607E-5 2.1698730313212278E-4 0.004325988999027421 0.009321136363141462 1.895549776349967E-4 6.096504802155758E-5 6.823543620248269E-6 3.388692050353607E-5 0.9784003432030515 7.67828144753001E-5 1.7631940759038503E-4 2.3226564319858168E-5 6.854341212959102E-6 3.1284717205028975E-5 6.911825611908643E-5 6.452450035024165E-5 2.0478924760115624E-5 7.48705072753085E-5 3.5574422868584507E-4 0.006521697901042465 
7.30093237046142E-5 0.0050888707713064455 2.270587600734698E-5 3.926961827810247E-6 2.2156809013654648E-4 9.14154390355958E-5 2.9190314242499748E-5 4.486250944378375E-5 6.809073064436033E-5 3.887721484219734E-6 0.8583831951014746 0.124137230320176 1.1906387603777312E-5 2.345648648417141E-6 6.42831979606367E-5 4.464967555626354E-5 4.9580355335617E-5 8.025672118419666E-5 0.010380413186640484 0.001198611667586985 
6.131083288127525E-6 8.360902934423744E-6 1.6669978709851855E-6 1.6669978709851855E-6 3.935822250140124E-6 5.001659401867982E-6 2.787209080088231E-6 2.623212267738923E-5 8.395003012980277E-6 1.0636832303579606E-5 3.418301143219536E-5 0.011589524248807645 1.6669978709851855E-6 2.7818128930738438E-6 0.00901923266346191 6.1204715316815315E-6 5.5230668958210344E-5 0.9791996913312694 9.498393835339776E-6 7.255769249336291E-6 
1.267064222452052E-5 4.4149835318009E-5 4.229251661335343E-6 4.127382279999407E-5 0.8620978405048344 1.2759270586691204E-5 1.2710859928881924E-5 2.964893798007886E-5 9.921228080626221E-6 4.229251661335343E-6 1.007708917035616E-4 0.11844699971211012 4.9576543757414307E-5 1.5622200743028537E-5 0.00649449481849464 4.0841723164337865E-5 2.749863160327615E-4 7.25630271219965E-5 0.012227688050590973 7.023111205080928E-6 
2.102135051919042E-5 8.9468001156941E-6 2.1023598120488534E-5 8.9468001156941E-6 8.9468001156941E-6 1.873092405778105E-4 0.00264367926678289 2.6796489881325208E-5 1.4922057768827889E-5 8.9468001156941E-6 1.1615129294777181E-4 8.085869931321066E-5 0.996650913491814 8.9468001156941E-6 3.304657523718417E-5 8.9468001156941E-6 8.9468001156941E-6 1.2375673599583149E-4 8.9468001156941E-6 8.9468001156941E-6 
