7.575757408991847E-4 7.575757408991847E-4 7.575757408991847E-4 7.575757408991847E-4 7.575757408991847E-4 0.0012660158468269164 7.575757408991847E-4 0.0027913361646101126 0.0012660158468269173 0.0012660158468269166 0.6922361198026152 7.575757408991847E-4 7.575757408991847E-4 7.575757408991847E-4 0.001774455952754648 0.289043115801923 7.575757408991847E-4 0.0012660158468269175 7.575757408991847E-4 7.575757408991847E-4 
9.645454807509727E-4 0.0016673108626105067 0.3925805545219766 2.617800988914351E-4 4.374714443563193E-4 2.617800988914351E-4 2.617800988914351E-4 2.617800988914351E-4 6.131627898212058E-4 0.001491619517145624 6.131627898212026E-4 4.374714443563185E-4 0.001140236826215854 7.888541352860876E-4 2.617800988914351E-4 0.596206823915777 6.131627898212032E-4 4.37471444356318E-4 4.3747144435631914E-4 2.617800988914351E-4 
0.0028655951821814902 0.0010994348143006944 0.0019825149982410973 0.24924496650155126 6.578947223304975E-4 6.578947223304975E-4 0.5901139175025434 0.0010994348143006946 6.578947223304975E-4 6.578947223304975E-4 0.0015409749062708896 0.002424055090211292 0.0024240550902113007 0.09603055458789296 0.0010994348143006914 0.040396502999648205 0.00330713527415169 0.0015409749062708902 0.0010994348143006944 0.0010994348143006925 
5.699371446130304E-4 0.05010653030787802 0.44617099638283036 0.028420003347001597 3.416579134459125E-4 5.699371446130302E-4 2.655648363902058E-4 1.1337868227879169E-4 5.699371446130313E-4 3.416579134459125E-4 6.460302216687341E-4 1.8947175933449923E-4 3.4165791344591205E-4 2.655648363902059E-4 1.1337868227879169E-4 0.4692271987307094 9.504025298915602E-4 1.1337868227879169E-4 3.4165791344591275E-4 3.416579134459123E-4 
6.578947223304975E-4 0.001982514998241095 0.001982514998241087 0.13047068176156826 6.578947223304975E-4 6.578947223304975E-4 0.3666946309656233 6.578947223304975E-4 0.0015409749062708904 0.001099434814300692 0.07130430943756194 0.0015409749062708894 0.001099434814300693 6.578947223304975E-4 0.0010994348143006944 0.4020178383232393 0.006397915917943044 0.0010994348143006933 0.007722536193853681 6.578947223304975E-4 
1.0729613494594659E-4 2.513177958106489E-4 0.019694242012545177 0.2950636575858536 0.021350491112489284 1.0729613494594659E-4 1.793069653782971E-4 2.513177958106489E-4 0.001979577726187056 1.0729613494594659E-4 1.0729613494594659E-4 1.0729613494594659E-4 1.0729613494594659E-4 1.0729613494594659E-4 0.030495866577397855 0.6295539649441217 1.0729613494594659E-4 1.0729613494594659E-4 1.0729613494594659E-4 1.0729613494594659E-4 
0.03369963579661583 8.532423017802033E-5 0.041086767299291324 0.0011733513507271131 3.1438257134625057E-4 5.434409125144824E-4 0.10436413404701482 8.532423017802033E-5 1.425888154700779E-4 0.0016887326183556354 8.532423017802033E-5 0.0010588221801429965 0.03793721510822807 4.2891174193036656E-4 8.532423017802033E-5 0.775390544499346 6.007054978065394E-4 8.297638389747717E-4 3.143825713462505E-4 8.532423017802033E-5 
2.617800988914351E-4 0.0011402368262158566 0.0050054464264432975 0.49360307816428484 0.2799624020789861 6.131627898212058E-4 0.002018693553540276 2.617800988914351E-4 6.131627898212053E-4 6.131627898212052E-4 4.3747144435631876E-4 2.617800988914351E-4 9.645454807509729E-4 0.0035999156627242283 0.0016673108626105088 0.12166449981512618 0.08406655188564094 2.617800988914351E-4 0.0027214589353998088 2.617800988914351E-4 
2.0746887505000027E-4 6.251914516015969E-4 0.6522724108720878 4.8595059275106494E-4 3.467097339005316E-4 4.8595059275106494E-4 2.0746887505000027E-4 6.251914516015964E-4 0.01997967083182543 0.004523935499416468 0.004106212922864875 2.0746887505000027E-4 0.0025745634755090416 0.003410008628612226 7.644323104521297E-4 0.30486646804001244 0.0034100086286122165 3.4670973390053155E-4 3.467097339005316E-4 2.0746887505000027E-4 
2.1646903074382703E-4 3.0340438561897996E-4 3.9033974049413256E-4 0.4766222137465806 1.2953367586867438E-4 1.2953367586867438E-4 3.9033974049413256E-4 1.2953367586867438E-4 1.2953367586867438E-4 1.2953367586867438E-4 1.2953367586867438E-4 2.1646903074382727E-4 2.1646903074382703E-4 1.2953367586867438E-4 1.2953367586867438E-4 0.5200029558292818 1.2953367586867438E-4 1.2953367586867438E-4 2.1646903074382703E-4 1.2953367586867438E-4 
0.0019098721934994619 0.012264934545754171 0.017913150374256656 0.001134626883704992 0.030704697985865472 0.003294238818132444 8.250824898392239E-5 0.02965257935114437 3.5938157391052103E-4 5.255055688664789E-4 0.040506013688267 4.7013090388115935E-4 0.0020206215234701004 3.593815739105198E-4 0.0021313708534407383 0.8550673356223136 0.0010238775537343536 1.9325757895456098E-4 2.4863224393988147E-4 1.3788291396924168E-4 
5.005685708744166E-4 0.0023958170715391177 0.008750473809062007 0.0013924502182460477 1.6611295311005228E-4 0.009419385044590764 0.0016154206300889587 0.04910811835262834 2.7759815903150633E-4 0.0023958170715391207 7.235389827173289E-4 5.005685708744177E-4 0.2533490156007323 0.0637126803283388 5.005685708744167E-4 0.5966119646328885 6.120537767958716E-4 0.006743740102475861 3.8908336495296024E-4 8.350241886387792E-4 
9.074409960878636E-5 0.005084714793729668 0.007459895977518867 0.141200867249342 3.343524261512678E-4 2.12548262880028E-4 2.7345034451564855E-4 3.343524261512694E-4 1.5164618124440736E-4 2.1254826288002793E-4 1.5164618124440711E-4 9.074409960878636E-5 0.010139587569486191 2.125482628800281E-4 2.1254826288002806E-4 0.8065561091184994 3.9525450778688914E-4 0.02524330381512011 0.0015523940588636897 9.074409960878636E-5 
5.772840606701671E-4 7.058551219067188E-4 0.19201959424189316 3.2014193819706867E-4 1.9157087696051667E-4 9.629972443798116E-4 0.0012201393668529138 0.0028915631629280723 3.2014193819706867E-4 0.0035344184691108275 0.5556185554188566 3.201419381970681E-4 4.487129994336187E-4 0.001734423611799119 3.2014193819706753E-4 0.2368908946134489 0.0010915683056163673 4.4871299943361945E-4 1.9157087696051667E-4 1.9157087696051667E-4 
0.017774674986921573 1.748251709311903E-4 0.3802142488642172 0.03197188717182042 0.009444079407352804 2.9215750303779233E-4 0.11386985498222922 5.268221672509982E-4 0.024110620920678102 1.748251709311903E-4 0.0024041394809566495 1.748251709311903E-4 4.094898351443951E-4 1.748251709311903E-4 0.009796076403672593 0.4072006852487357 2.9215750303779206E-4 1.748251709311903E-4 6.441544993576004E-4 1.748251709311903E-4 
5.664328565213175E-4 0.14236387950516255 1.8796992062636989E-4 0.04926199727500474 0.20809027603891883 3.141242325913531E-4 1.8796992062636989E-4 3.141242325913531E-4 3.141242325913531E-4 1.8796992062636989E-4 3.141242325913531E-4 1.8796992062636989E-4 0.007504920014595439 4.402785445563356E-4 4.402785445563356E-4 0.5879409093654837 6.925871684862974E-4 1.8796992062636989E-4 1.8796992062636989E-4 3.141242325913531E-4 
7.464536292198321E-4 7.912599040155997E-5 0.23895064318073317 0.003002656598557816 0.010724590704883538 1.1090349701195396E-4 7.912599040155997E-5 1.7445851023274194E-4 0.004337311876194363 7.912599040155997E-5 4.7348483791165984E-5 4.7348483791165984E-5 4.7348483791165984E-5 0.001254893734986139 0.030521977323158977 0.7092259635079537 4.7348483791165984E-5 4.7348483791165984E-5 7.912599040155997E-5 3.969010565054985E-4 
0.007496881863112402 3.6972144190505616E-4 0.2716472649741098 3.697214419050577E-4 2.2123893312990222E-4 5.182039506802109E-4 2.2123893312990222E-4 2.2123893312990222E-4 9.636514770056691E-4 0.0036363366349584226 2.2123893312990222E-4 0.0017060640208814324 2.2123893312990222E-4 2.2123893312990222E-4 2.2123893312990222E-4 0.7105615609134628 2.2123893312990222E-4 3.697214419050576E-4 3.6972144190505535E-4 2.2123893312990222E-4 
2.3145077637809808E-4 9.88142270447068E-5 0.38010252806721195 0.0010935883470451445 9.88142270447068E-5 0.0022873172910456733 1.651325017114023E-4 0.002486272115045763 2.3145077637809816E-4 2.3145077637809746E-4 4.3040560037818496E-4 9.88142270447068E-5 9.88142270447068E-5 9.88142270447068E-5 1.651325017114016E-4 0.6112217152806472 4.967238750448808E-4 9.88142270447068E-5 1.6513250171140204E-4 9.88142270447068E-5 
0.003942618782497121 1.9920318281619744E-4 0.2872389636297787 7.339768399134749E-4 3.3289659709051625E-4 1.9920318281619744E-4 0.001937217568382337 1.9920318281619744E-4 1.9920318281619744E-4 0.0018035241541080173 3.328965970905145E-4 3.328965970905146E-4 6.00283425639157E-4 0.002605684639753931 1.9920318281619744E-4 0.6952712639950004 3.3289659709051457E-4 3.328965970905146E-4 0.0030067648825768886 1.9920318281619744E-4 
0.004078239303891508 0.010124554076256016 0.019194026234802763 0.31334723991033625 0.0013573976563274798 0.0013573976563274845 4.5045044047280344E-4 0.0031712920880368413 4.5045044047280344E-4 0.0010550819177092556 0.0019620291335639343 0.0010550819177092582 4.5045044047280344E-4 4.5045044047280344E-4 0.0010550819177092576 0.6386389746635478 4.5045044047280344E-4 4.5045044047280344E-4 4.5045044047280344E-4 4.5045044047280344E-4 
0.011388681735968877 6.172839369902493E-4 0.7455008701894366 6.172839369902493E-4 0.01346010438961861 6.172839369902493E-4 0.0018601375291800878 0.0035172756520998696 0.01097439720523892 0.0010315684677202005 0.0010315684677202007 6.172839369902493E-4 0.0010315684677201997 6.172839369902493E-4 0.001031568467720198 0.20154528134101457 6.172839369902493E-4 0.0022744220599100378 0.0010315684677201981 6.172839369902493E-4 
0.08469867847772246 8.637191779412822E-4 0.006860167435972403 0.022197237019013518 1.7182130201461702E-4 0.005245739058810171 4.024539273235056E-4 1.7182130201461702E-4 2.8713761466906134E-4 8.63719177941278E-4 0.0021321986171401685 1.7182130201461702E-4 1.7182130201461702E-4 8.637191779412817E-4 2.8713761466906134E-4 0.8736928896594294 4.0245392732350573E-4 1.7182130201461702E-4 1.7182130201461702E-4 1.7182130201461702E-4 
7.975246182671083E-4 0.0012333304232426039 0.10466457480409239 0.5987230890446397 0.0025407478381690766 3.6171881329161767E-4 0.0010880618215841084 3.6171881329161767E-4 0.0013785990249011004 0.0016691362282180956 6.522560166086116E-4 2.1645021163312078E-4 0.001814404829876591 2.1645021163312078E-4 3.6171881329161767E-4 0.28232807463243415 3.6171881329161767E-4 2.1645021163312078E-4 2.1645021163312078E-4 7.975246182671083E-4 
5.005685708744164E-4 0.07787130148036346 0.2711866485481646 1.6611295311005228E-4 5.005685708744143E-4 3.890833649529603E-4 3.890833649529603E-4 5.00568570874415E-4 0.0011694798064031432 1.6611295311005228E-4 9.465093945602349E-4 1.6611295311005228E-4 1.6611295311005228E-4 1.6611295311005228E-4 1.6611295311005228E-4 0.6434357511199004 0.0016154206300889563 1.6611295311005228E-4 1.6611295311005228E-4 1.6611295311005228E-4 
0.0012201393668529199 0.004177273775293573 0.39631901054677127 3.2014193819706867E-4 0.010862968959594125 0.004048702714057027 0.0037915605915839266 7.058551219067198E-4 0.01664866671523891 0.006491552877551474 5.772840606701694E-4 1.9157087696051667E-4 1.9157087696051667E-4 0.003534418469110823 0.08093419733351395 0.46870451802294905 3.201419381970677E-4 1.9157087696051667E-4 5.772840606701676E-4 1.9157087696051667E-4 
2.9199833300104034E-4 1.6193225943003496E-4 0.11624590292155226 0.011087482439394466 0.0015276260319255935 9.689922264453236E-5 9.689922264453236E-5 4.8709744335754884E-4 4.220644065720458E-4 4.2206440657204577E-4 3.57031369786543E-4 9.689922264453236E-5 5.52130480143055E-4 5.521304801430552E-4 3.570313697865431E-4 0.8207487904189024 0.04509976067821236 9.689922264453236E-5 0.001202460847998075 9.689922264453236E-5 
1.779359390974739E-4 8.944565152370126E-4 0.13022642050842356 2.9735603512072916E-4 0.0029245981476323777 1.779359390974739E-4 1.779359390974739E-4 1.779359390974739E-4 0.001969237379446327 4.1677613114398553E-4 0.0012527168033067862 0.0017303971873998119 0.00208865747546958 1.779359390974739E-4 0.009253863236864923 0.8467469966479615 6.55616323190496E-4 2.9735603512073014E-4 1.779359390974739E-4 1.779359390974739E-4 
2.4271844120309771E-4 0.002523294449790943 2.4271844120309771E-4 2.4271844120309771E-4 8.943115865139093E-4 5.685150138584995E-4 4.056167275308008E-4 2.4271844120309771E-4 2.4271844120309771E-4 5.685150138585003E-4 2.4271844120309771E-4 2.4271844120309771E-4 2.4271844120309771E-4 0.002523294449790947 2.4271844120309771E-4 0.9588991334797361 0.030216003125500483 7.314133001862027E-4 2.4271844120309771E-4 2.4271844120309771E-4 
2.3148147633142123E-4 0.009086813319156738 0.19365057172751762 0.03347781506167581 2.3148147633142123E-4 8.529082723191686E-4 5.421948743252963E-4 8.529082723191683E-4 3.8683817532835966E-4 2.3148147633142123E-4 2.3148147633142123E-4 6.975515733222327E-4 3.8683817532835993E-4 2.3148147633142123E-4 2.3148147633142123E-4 0.7571293189894064 2.3148147633142123E-4 5.421948743252962E-4 5.421948743252963E-4 2.3148147633142123E-4 
0.009570211661734317 3.2051281339472344E-4 0.031296248491555184 0.0011809499155658498 0.006558681804135383 3.2051281339472344E-4 0.009785320937277096 0.01107597659053378 5.356220889375045E-4 7.507313644802847E-4 0.00806444673293485 3.2051281339472344E-4 5.356220889375045E-4 5.356220889375031E-4 3.2051281339472344E-4 0.9173313544522712 3.2051281339472344E-4 3.2051281339472344E-4 5.356220889375044E-4 3.2051281339472344E-4 
3.676470506664004E-4 3.676470506664004E-4 0.012951539670184238 3.676470506664004E-4 3.676470506664004E-4 6.14390043205966E-4 3.676470506664004E-4 3.676470506664004E-4 8.611330357455323E-4 3.676470506664004E-4 6.14390043205966E-4 3.676470506664004E-4 3.676470506664004E-4 3.676470506664004E-4 6.14390043205966E-4 0.9787036124700451 3.676470506664004E-4 3.676470506664004E-4 8.611330357455316E-4 3.676470506664004E-4 
8.769504019017443E-4 7.923930092580685E-5 0.09904859656200718 3.451430012511195E-4 7.923930092580685E-5 7.923930092580685E-5 1.3242004099086937E-4 1.3242004099086937E-4 1.856007810559319E-4 7.923930092580685E-5 7.923930092580685E-5 7.923930092580685E-5 7.923930092580685E-5 7.923930092580685E-5 1.3242004099086937E-4 0.8981955775197015 7.923930092580685E-5 7.923930092580685E-5 7.923930092580685E-5 7.923930092580685E-5 
4.7169810276373605E-4 0.0017380017626483332 0.049224389008320685 0.0026877295075617997 7.882740177348839E-4 0.0026877295075617928 7.882740177348844E-4 0.0030043054225329362 0.0020545776776194928 4.7169810276373605E-4 0.2815911105971441 0.010285551466869342 4.7169810276373605E-4 7.882740177348851E-4 0.0011048499327060326 0.6377390149396868 0.0011048499327060341 0.0017380017626483343 4.7169810276373605E-4 7.882740177348851E-4 
5.189878625706764E-4 7.274167258285926E-4 0.12307515945822561 0.014900579427366936 0.003228563084923588 7.274167258285926E-4 0.002603276495149839 0.0015611321788602573 7.274167258285927E-4 0.024905164863746904 0.001769561042118174 0.0015611321788602573 7.274167258285926E-4 3.1055899931276015E-4 3.1055899931276015E-4 0.8183938472866339 5.189878625706764E-4 5.189878625706764E-4 0.002603276495149839 3.1055899931276015E-4 
9.803921353789516E-4 0.001638373448998026 0.29641400195034334 0.0022963547626170845 0.006244242644331532 0.004270298703474306 9.803921353789516E-4 9.803921353789516E-4 9.803921353789516E-4 0.002954336076236159 0.0016383734489980274 9.803921353789516E-4 0.0029543360762361607 0.002954336076236159 9.803921353789516E-4 0.6576457431272152 0.003612317389855235 0.006902223957950608 0.0036123173898552343 9.803921353789516E-4 
3.676470506664004E-4 3.676470506664004E-4 0.017639656528436087 6.14390043205966E-4 0.011224338722407277 3.676470506664004E-4 3.676470506664004E-4 0.0018481050059037975 0.0011078760282851033 8.611330357455323E-4 0.09141581129776602 3.676470506664004E-4 0.05637830635714779 6.14390043205966E-4 3.676470506664004E-4 0.8143727794386936 6.14390043205966E-4 3.676470506664004E-4 3.676470506664004E-4 3.676470506664004E-4 
1.981625936490251E-4 1.4138248031377116E-4 0.24264924653518227 0.01836779886093021 8.460236697851783E-5 8.460236697851783E-5 1.4138248031377086E-4 8.7952395367207E-4 8.460236697851783E-5 2.5494270698427974E-4 1.4138248031377105E-4 1.4138248031377097E-4 8.460236697851783E-5 8.460236697851783E-5 2.5494270698427936E-4 0.7359548711918649 1.413824803137714E-4 8.460236697851783E-5 1.4138248031377084E-4 8.460236697851783E-5 
7.140812314595805E-4 0.0013502337809083093 0.08738986609384913 0.01343713222043428 0.0011911956435461221 0.0038948439787032233 7.140812314595803E-4 0.01963961957755937 2.3696681937303055E-4 2.3696681937303055E-4 2.3696681937303055E-4 2.3696681937303055E-4 3.9600495673521323E-4 0.0010321575061839395 2.3696681937303055E-4 0.8655634722070089 8.731193688217613E-4 2.3696681937303055E-4 0.0021454244677192166 2.3696681937303055E-4 
2.617800988914351E-4 4.3747144435631757E-4 0.48130468398174303 0.0021943848990051587 6.131627898212021E-4 0.002018693553540275 0.002897150280864694 2.617800988914351E-4 2.617800988914351E-4 4.374714443563189E-4 0.12061035174233684 2.617800988914351E-4 2.617800988914351E-4 0.00131592817168074 2.617800988914351E-4 0.38397167859419745 0.0011402368262158574 2.617800988914351E-4 9.645454807509736E-4 2.617800988914351E-4 
1.273735455261061E-4 0.004168542313056171 0.2710902971101688 0.0010481461761025765 1.273735455261061E-4 7.621951049407997E-5 7.621951049407997E-5 7.621951049407997E-5 7.621951049407997E-5 7.621951049407997E-5 1.273735455261061E-4 7.621951049407997E-5 0.15507294565753313 7.621951049407997E-5 7.621951049407997E-5 0.5670163897704398 2.2968161559015838E-4 1.7852758055813224E-4 1.273735455261061E-4 7.621951049407997E-5 
1.8796992062636989E-4 1.8796992062636989E-4 5.664328565213165E-4 0.20518872686372402 0.0010710501043812515 1.8796992062636989E-4 0.10451758591566751 3.141242325913531E-4 1.8796992062636989E-4 0.0010710501043812493 0.016840339100004174 3.141242325913531E-4 0.0017018216642061647 0.0024587475359960616 1.8796992062636989E-4 0.6534149972753093 3.141242325913531E-4 0.0028372104718910134 0.008261845886385313 1.8796992062636989E-4 
7.196413547576626E-4 1.95312495651478E-4 0.3850526950795886 1.95312495651478E-4 7.196413547576626E-4 1.95312495651478E-4 5.885591399811168E-4 1.95312495651478E-4 5.88559139981117E-4 1.95312495651478E-4 1.95312495651478E-4 0.002030463502523112 4.5747692520457133E-4 3.26394710428024E-4 5.885591399811165E-4 0.606843802481503 1.95312495651478E-4 1.95312495651478E-4 3.263947104280256E-4 1.95312495651478E-4 
0.0011143655164912655 0.0017932653109254705 0.00286010784503636 0.1438772937175126 1.4450866729954606E-4 1.4450866729954606E-4 2.414943522187176E-4 1.4450866729954606E-4 2.414943522187176E-4 2.414943522187179E-4 1.4450866729954606E-4 1.4450866729954606E-4 0.001308336886329609 2.414943522187176E-4 3.3848003713788944E-4 0.8462476239021565 3.384800371378895E-4 1.4450866729954606E-4 1.4450866729954606E-4 1.4450866729954606E-4 
0.0018481050059037927 6.14390043205966E-4 0.0013546190208246673 6.14390043205966E-4 0.0023415909909829205 3.676470506664004E-4 6.14390043205966E-4 3.676470506664004E-4 6.14390043205966E-4 3.676470506664004E-4 3.676470506664004E-4 6.14390043205966E-4 0.0018481050059038014 3.676470506664004E-4 3.676470506664004E-4 0.7768678445726785 0.012211310692565548 3.676470506664004E-4 0.19751529808977922 3.676470506664004E-4 
0.019765432912439842 8.272974839680223E-4 0.4128148050507216 4.950494939948332E-4 0.010130241203217307 4.950494939948332E-4 8.272974839680195E-4 0.0011595454739412126 4.950494939948332E-4 4.950494939948332E-4 4.950494939948332E-4 0.037374576381018744 0.014117217082895601 8.272974839680196E-4 0.0031530334137803394 0.4932188186242332 0.0011595454739412087 0.0011595454739412128 4.950494939948332E-4 4.950494939948332E-4 
2.973560351207285E-4 1.779359390974739E-4 0.09881893525430721 1.779359390974739E-4 0.0096121235249347 0.005074159876050973 0.4689018128303786 0.006984881412423071 4.167761311439849E-4 7.750364192137542E-4 0.01856863072667896 2.9735603512073014E-4 1.779359390974739E-4 2.973560351207285E-4 0.017016169478376617 0.37061907380323855 1.779359390974739E-4 0.0011332967072835278 2.973560351207285E-4 1.779359390974739E-4 
0.0020772089322978263 4.132231313359447E-4 0.23032059463090263 0.032306284316438616 4.132231313359447E-4 4.132231313359447E-4 6.905540981629249E-4 4.132231313359447E-4 4.132231313359447E-4 6.90554098162925E-4 4.132231313359447E-4 4.132231313359447E-4 4.132231313359447E-4 4.132231313359447E-4 4.132231313359447E-4 0.7209190749478306 6.905540981629249E-4 4.132231313359447E-4 0.007346497302010442 4.132231313359447E-4 
0.001311959239825705 7.055065834814067E-4 0.007780787574164827 0.0019184118961699964 0.44321379482936724 0.002120562781618097 3.012048125852136E-4 0.24247796557940623 0.002524864552514289 3.012048125852136E-4 5.0335569803331E-4 5.03355698033311E-4 7.055065834814051E-4 7.055065834814056E-4 5.033556980333092E-4 0.2928135360559824 3.012048125852136E-4 7.055065834814082E-4 3.012048125852136E-4 3.012048125852136E-4 
0.013531679447877618 0.0018466363023256164 0.004643056884167121 7.480425023164518E-4 0.01572886704789594 0.011334491847859323 0.10631291946683336 8.479146659536488E-4 1.4880952049327076E-4 0.051982462448198485 0.003244846593246371 1.4880952049327076E-4 5.482981750420596E-4 0.001946508465962812 0.007838966120557423 0.7691644695269081 0.009337048575115367 3.485538477676644E-4 1.4880952049327076E-4 1.4880952049327076E-4 
3.1055899931276015E-4 3.1055899931276015E-4 0.12974488308247895 3.1055899931276015E-4 3.1055899931276015E-4 0.004270707401213169 0.18185209889695786 0.44864104386709086 0.0019779899053760904 0.0011442744523444252 5.189878625706764E-4 3.1055899931276015E-4 5.189878625706764E-4 3.1055899931276015E-4 5.189878625706764E-4 0.22708116222392563 3.1055899931276015E-4 7.274167258285926E-4 3.1055899931276015E-4 5.189878625706764E-4 
4.061216707037428E-4 1.3477088648362575E-4 0.257103963542932 2.25221147890331E-4 3.1567140929703795E-4 1.3477088648362575E-4 0.015511315325623437 2.25221147890331E-4 0.12549883319617652 8.583729777372652E-4 3.156714092970358E-4 1.3477088648362575E-4 1.3477088648362575E-4 8.583729777372661E-4 0.002396027421651238 0.5944834385899423 3.156714092970367E-4 5.870221935171525E-4 2.252211478903307E-4 1.3477088648362575E-4 
9.904741227097524E-4 0.0017121310470946652 0.34034964281471386 2.68817198324847E-4 4.492314294210746E-4 2.68817198324847E-4 4.4923142942107473E-4 2.68817198324847E-4 2.68817198324847E-4 4.492314294210746E-4 2.68817198324847E-4 0.0033358591269607063 2.68817198324847E-4 2.68817198324847E-4 2.68817198324847E-4 0.6479559068337811 8.100598916135299E-4 4.492314294210746E-4 6.296456605173023E-4 2.68817198324847E-4 
1.9157087696051667E-4 3.2014193819706693E-4 0.5695042300324044 3.2014193819706867E-4 3.2014193819706867E-4 1.9157087696051667E-4 3.201419381970678E-4 1.9157087696051667E-4 1.9157087696051667E-4 4.487129994336187E-4 0.16887680321931423 1.9157087696051667E-4 0.007262979244970769 8.344261831432681E-4 3.2014193819706715E-4 0.24859086118597512 8.344261831432677E-4 7.058551219067184E-4 1.9157087696051667E-4 1.9157087696051667E-4 
3.1055899931276015E-4 3.1055899931276015E-4 3.1055899931276015E-4 0.5995435408658216 0.23541831675424235 7.274167258285926E-4 3.1055899931276015E-4 7.274167258285926E-4 3.1055899931276015E-4 7.274167258285926E-4 9.358455890865089E-4 3.1055899931276015E-4 3.1055899931276015E-4 7.274167258285926E-4 3.1055899931276015E-4 0.15746592189578165 3.1055899931276015E-4 3.1055899931276015E-4 3.1055899931276015E-4 3.1055899931276015E-4 
0.0014915386799202659 0.15146889283027823 0.0709731543638542 0.22177399432972522 1.533742297111689E-4 1.533742297111689E-4 2.563099566503311E-4 1.533742297111689E-4 1.533742297111689E-4 1.533742297111689E-4 7.709885913461323E-4 3.592456835894919E-4 4.621814105286518E-4 1.533742297111689E-4 1.533742297111689E-4 0.5495213489040144 0.001079795772163622 2.563099566503306E-4 3.5924568358949285E-4 1.533742297111689E-4 
3.1055899931276015E-4 3.1055899931276015E-4 0.34546875655442216 0.0013527033156023414 3.1055899931276015E-4 3.1055899931276015E-4 0.023654591684199467 0.3581829172131552 5.189878625706763E-4 5.189878625706764E-4 7.274167258285926E-4 3.1055899931276015E-4 0.02261244736790987 5.189878625706764E-4 3.1055899931276015E-4 0.24313018469478517 3.1055899931276015E-4 3.1055899931276015E-4 3.1055899931276015E-4 5.189878625706764E-4 
0.0011154477609988554 0.0199822853342746 4.673502871077022E-4 1.793069653782971E-4 1.0729613494594659E-4 2.513177958106484E-4 3.233286262430003E-4 1.793069653782971E-4 1.793069653782971E-4 1.0729613494594659E-4 1.0729613494594659E-4 0.038489068755388746 0.042233631937871 3.2332862624300033E-4 1.0729613494594659E-4 0.8332005934068089 0.06138851283287628 3.953394566753491E-4 7.553936088371023E-4 1.0729613494594659E-4 
0.0018401811491135522 3.3966278808890334E-4 0.05967834342860895 0.013571506517124412 8.853058284615025E-4 0.00920636219414363 8.853058284615035E-4 0.0062053254720943396 0.1473904621685042 0.003477110270231348 0.00579609319181489 4.7607354818205507E-4 6.12484308275203E-4 8.853058284615042E-4 0.0027950564697656003 0.7436418945356614 3.3966278808890405E-4 0.0010217165885546527 4.7607354818205545E-4 4.760735481820548E-4 
4.7348483791165984E-5 2.697910300639223E-4 0.2064422539183002 0.1536598154384356 4.604560697262858E-4 0.008817940308259846 7.912599040155997E-5 0.027407781675340387 7.912599040155997E-5 7.912599040155997E-5 7.78231135830225E-4 1.1090349701195395E-4 4.922335763366788E-4 4.7348483791165984E-5 4.7348483791165984E-5 0.5242808750354608 0.07663113941484069 7.912599040155997E-5 1.4268100362234797E-4 4.7348483791165984E-5 
2.008582833335766E-4 2.0085828333357735E-4 0.549939500543124 0.0017335118714386412 1.2019230501225813E-4 7.655201315828107E-4 2.008582833335771E-4 2.8152426165489584E-4 0.0027821695896157912 0.0018948438280812798 2.0085828333357735E-4 1.2019230501225813E-4 2.8152426165489557E-4 0.006573470570717794 1.2019230501225813E-4 0.43337716186881786 2.0085828333357643E-4 5.235221966188529E-4 3.621902399762148E-4 1.2019230501225813E-4 
0.001346130161904481 4.995074169562076E-4 0.012814020070749268 0.303205621588007 1.1467889652517482E-4 1.1467889652517482E-4 1.9164460061138082E-4 1.9164460061138057E-4 1.1467889652517482E-4 1.1467889652517482E-4 6.534388251286228E-4 1.1467889652517482E-4 0.025128532724542327 1.1467889652517482E-4 1.1467889652517482E-4 0.6542461979251956 1.916446006113805E-4 2.686103046975874E-4 3.4557600878379417E-4 1.1467889652517482E-4 
7.575757408991847E-4 7.575757408991847E-4 0.02414582061357477 7.575757408991847E-4 7.575757408991847E-4 0.035331502943984974 7.575757408991847E-4 0.006858857012031967 7.575757408991847E-4 7.575757408991847E-4 0.920525727364168 7.575757408991847E-4 0.0012660158468269164 0.0012660158468269164 7.575757408991847E-4 7.575757408991847E-4 7.575757408991847E-4 7.575757408991847E-4 7.575757408991847E-4 7.575757408991847E-4 
5.12295070528258E-5 3.950517097232574E-4 0.48642211740464797 0.03807796512240274 0.007374642423933039 2.2314060838804188E-4 1.1999394758691268E-4 4.294339299903006E-4 5.12295070528258E-5 5.12295070528258E-5 8.561172731986937E-5 5.12295070528258E-5 5.12295070528258E-5 5.12295070528258E-5 2.5752282865508584E-4 0.46593031412548974 1.5437616785395577E-4 1.1999394758691298E-4 5.12295070528258E-5 5.12295070528258E-5 
3.8683817532835787E-4 5.421948743252954E-4 0.0031832587572732055 0.04279921700149198 0.3797678971258474 6.975515733222324E-4 0.011727877202104687 0.042799217001491925 3.868381753283576E-4 3.868381753283576E-4 0.004426112349248697 2.3148147633142123E-4 2.3148147633142123E-4 0.02135999253991481 2.3148147633142123E-4 0.43119096449383315 0.007688603028184372 0.049945625155351066 0.0017850484663007875 2.3148147633142123E-4 
7.829977594364737E-4 1.5576323640465592E-4 0.3038418114709776 0.008100733861474379 2.60302323576626E-4 0.0016193104568122333 9.920759337804107E-4 8.875368466084459E-4 1.5576323640465592E-4 1.5576323640465592E-4 1.5576323640465592E-4 9.920759337804133E-4 5.739195850925353E-4 4.69380497920565E-4 1.5576323640465592E-4 0.6783008217209745 5.739195850925332E-4 0.0013056931952963224 3.6484141074859613E-4 1.5576323640465592E-4 
5.9453030777338436E-5 0.004328898960552686 0.16533090201329606 6.978748520521576E-4 1.3925575843669078E-4 5.9453030777338436E-5 1.3925575843669127E-4 1.7915712226636798E-4 5.9453030777338436E-5 3.7866394141474824E-4 0.005565841239272657 2.5895984992572015E-4 0.00640376987969585 3.387625775850727E-4 9.935439460701458E-5 0.8145659928859563 2.190584860960441E-4 2.9886121375539623E-4 8.175789435411863E-4 5.9453030777338436E-5 
9.935439460701447E-5 2.190584860960441E-4 0.4398123837976378 0.033177585009408504 0.16604912656223 1.392557584366916E-4 1.3925575843669162E-4 3.387625775850728E-4 5.9453030777338436E-5 5.9453030777338436E-5 0.005565841239272641 5.9453030777338436E-5 5.9453030777338436E-5 5.9453030777338436E-5 3.387625775850726E-4 0.2997984981193043 0.05384649147318077 5.9453030777338436E-5 5.9453030777338436E-5 5.9453030777338436E-5 
2.2794423574448518E-4 0.07977997542973511 0.13668988415243033 1.2641005425885666E-4 1.2641005425885666E-4 0.007183035667510093 0.0017509569580289213 0.010635197838021493 4.310125987157448E-4 1.2641005425885666E-4 0.0035278051340274356 2.787113264872996E-4 0.0013448202320864007 0.0013448202320864033 7.564296351604198E-5 0.7517839555923732 0.0040862431321983935 1.7717714500167136E-4 2.2794423574448594E-4 7.564296351604198E-5 
1.9157087696051667E-4 1.9157087696051667E-4 1.9157087696051667E-4 0.6056326982398755 1.9157087696051667E-4 3.2014193819706867E-4 3.201419381970674E-4 1.9157087696051667E-4 1.9157087696051667E-4 3.2014193819706845E-4 1.9157087696051667E-4 1.9157087696051667E-4 3.2014193819706677E-4 0.0025058499792184165 1.9157087696051667E-4 0.38796189156639577 1.9157087696051667E-4 3.2014193819706867E-4 1.9157087696051667E-4 1.9157087696051667E-4 
7.370741371791281E-4 0.007527209743520798 1.4662756271463425E-4 0.015793461786023713 1.4662756271463425E-4 1.4662756271463425E-4 1.4662756271463425E-4 1.4662756271463425E-4 2.450353251253832E-4 4.418508499468814E-4 1.4662756271463425E-4 2.450353251253839E-4 0.095995788150784 3.434430875361319E-4 1.4662756271463425E-4 0.6468824421261556 0.2302239760790454 1.4662756271463425E-4 2.4503532512538305E-4 1.4662756271463425E-4 
2.9590385025591833E-4 1.1352859492502258E-4 0.06891459366850551 0.35109470747923455 6.793478109229821E-5 0.0013445615684085667 6.793478109229821E-5 2.047162225904701E-4 2.503100364231942E-4 1.1352859492502241E-4 2.0471622259046938E-4 6.793478109229821E-5 6.793478109229821E-5 2.503100364231938E-4 6.793478109229821E-5 0.5765105230682219 1.1352859492502222E-4 6.793478109229821E-5 1.1352859492502209E-4 6.793478109229821E-5 
9.927293040855076E-4 2.5682915098220415E-4 0.0024645296102921146 0.4938250618373678 4.040091816028649E-4 1.8323913567187383E-4 0.01328226186091068 1.0964912036154348E-4 1.8323913567187383E-4 0.0021701695490507935 0.003641969855257394 1.0964912036154348E-4 4.040091816028649E-4 0.002758889671533436 1.0964912036154348E-4 0.4777088484844052 5.511892122235255E-4 1.0964912036154348E-4 6.247792275338558E-4 1.0964912036154348E-4 
8.611330357455321E-4 0.005549249893997264 0.008016679819392927 0.04527487169286723 3.676470506664004E-4 0.002094847998443359 6.14390043205966E-4 3.676470506664004E-4 3.676470506664004E-4 3.676470506664004E-4 0.0028350769760620673 3.676470506664004E-4 0.002094847998443356 3.676470506664004E-4 3.676470506664004E-4 0.9281212989994339 8.611330357455321E-4 3.676470506664004E-4 3.676470506664004E-4 3.676470506664004E-4 
0.0026445860477171137 0.14123397863255116 0.2740084316683712 1.0054999502349692E-4 6.0168470377566274E-5 1.409315196694274E-4 6.0168470377566274E-5 6.0168470377566274E-5 1.4093151966942756E-4 1.005499950234969E-4 5.447467661287369E-4 1.409315196694275E-4 0.0029676382448845704 6.0168470377566274E-5 1.409315196694275E-4 0.5770313926114349 1.4093151966942756E-4 1.8131304431535808E-4 1.8131304431535805E-4 6.0168470377566274E-5 
0.23838718300847536 0.001112133985780818 0.008981706950863982 5.182039506802093E-4 3.697214419050576E-4 2.2123893312990222E-4 8.151689682305172E-4 0.0011121339857808206 2.2123893312990222E-4 8.151689682305177E-4 0.0017060640208814357 5.182039506802101E-4 3.697214419050575E-4 2.2123893312990222E-4 6.666864594553633E-4 0.7402580626684933 0.0028939240910826666 3.697214419050576E-4 2.2123893312990222E-4 2.2123893312990222E-4 
8.517537804707678E-5 0.12480382297374354 0.5864954265390524 0.11885180852457981 5.0968398454181485E-5 3.2462423519734535E-4 1.5358933723286756E-4 1.535893372328676E-4 5.0968398454181485E-5 8.517537804707682E-5 5.0968398454181485E-5 8.51753780470767E-5 5.0968398454181485E-5 1.877963168257628E-4 5.0968398454181485E-5 0.16814406611794205 2.220032964186587E-4 5.0968398454181485E-5 5.0968398454181485E-5 5.0968398454181485E-5 
6.251914516015962E-4 0.0027138043343595698 0.008144197829530284 0.19291681752418535 0.0035492494874627568 2.0746887505000027E-4 0.001739118322405843 0.001739118322405843 2.0746887505000027E-4 4.859505927510645E-4 0.24666378904049036 2.0746887505000027E-4 2.0746887505000027E-4 2.0746887505000027E-4 2.0746887505000027E-4 0.538791110908905 3.467097339005316E-4 3.467097339005316E-4 4.859505927510635E-4 2.0746887505000027E-4 
3.304191662925345E-4 1.8323913567187383E-4 0.22382329566376574 0.12403523490295781 0.0670029730374518 5.511892122235256E-4 0.1132910926676496 0.0015814494265681503 0.08760817732434434 4.0400918160286484E-4 1.8323913567187383E-4 0.004083509947119381 2.5682915098220415E-4 1.0964912036154348E-4 1.8323913567187383E-4 0.37586026729490823 1.8323913567187383E-4 1.0964912036154348E-4 1.0964912036154348E-4 1.0964912036154348E-4 
5.382693967334535E-4 0.045507106432778464 9.372830350302151E-4 5.9453030777338436E-5 0.005605742603102336 0.04287361642001984 0.37317710620207895 3.7866394141474873E-4 7.776775797115103E-4 1.3925575843669078E-4 1.3925575843669165E-4 5.38269396733453E-4 0.06864989745399064 0.15814865652395413 9.935439460701458E-5 0.29038177625550093 0.011351538994575703 3.786639414147485E-4 5.9453030777338436E-5 2.5895984992572047E-4 
2.923976543213355E-4 8.811177768520738E-4 0.279541975774735 0.011674320023248962 0.2697299737325558 2.923976543213355E-4 8.811177768520742E-4 0.0050021586345672326 0.029728403780858198 4.886376951649137E-4 4.886376951649141E-4 2.923976543213355E-4 8.811177768520745E-4 2.923976543213355E-4 8.811177768520738E-4 0.3970897602400389 6.848777360084941E-4 2.923976543213355E-4 2.923976543213355E-4 2.923976543213355E-4 
5.8754405268773435E-5 9.818689290772427E-5 0.494857609298824 0.0015177564479099557 0.1820396848590268 7.29106695130936E-4 0.0012417290344373035 5.8754405268773435E-5 0.0031344884411069326 1.3761938054667505E-4 0.00218810873777212 5.8754405268773435E-5 5.8754405268773435E-5 5.8754405268773435E-5 1.3761938054667548E-4 0.31141767680242444 0.0019120813242994555 1.376193805466756E-4 5.8754405268773435E-5 9.818689290772383E-5 
3.467097339005316E-4 3.467097339005316E-4 0.3921704865392953 3.467097339005316E-4 2.0746887505000027E-4 2.0746887505000027E-4 2.0746887505000027E-4 7.6443231045213E-4 3.467097339005314E-4 4.8595059275106326E-4 2.0746887505000027E-4 3.467097339005316E-4 2.0746887505000027E-4 2.0746887505000027E-4 2.0746887505000027E-4 0.6011710156739429 0.0013213957458542483 4.8595059275106505E-4 2.0746887505000027E-4 2.0746887505000027E-4 
2.2123893312990222E-4 2.2123893312990222E-4 2.2123893312990222E-4 0.3147071925189043 0.001112133985780819 2.2123893312990222E-4 5.182039506802108E-4 8.151689682305176E-4 6.666864594553626E-4 3.6972144190505676E-4 3.6972144190505714E-4 2.2123893312990222E-4 2.2123893312990222E-4 2.2123893312990222E-4 3.697214419050577E-4 0.6783408565092542 3.697214419050557E-4 2.2123893312990222E-4 3.697214419050577E-4 2.2123893312990222E-4 
3.263947104280255E-4 8.507235695342074E-4 0.16666972526186488 0.48703465817574065 8.507235695342083E-4 1.95312495651478E-4 0.012385958469870263 1.95312495651478E-4 3.2639471042802373E-4 0.0011128879990872946 5.885591399811178E-4 5.885591399811181E-4 5.88559139981117E-4 1.95312495651478E-4 1.95312495651478E-4 0.3216089031277408 3.263947104280242E-4 0.005569683301489872 1.95312495651478E-4 1.95312495651478E-4 
5.923735910453956E-4 1.6077170059809135E-4 0.06080083730844358 0.009440212345215 0.0052320939133538615 3.765726458217411E-4 0.0014555773719399914 1.6077170059809135E-4 4.844731184335672E-4 4.8447311843356815E-4 5.923735910453927E-4 2.6867217320991583E-4 0.06619586093903489 4.8447311843356793E-4 1.6077170059809135E-4 0.8496611925734954 1.6077170059809135E-4 0.0019950797349991096 2.686721732099161E-4 0.0010239754814926915 
0.04124995653181591 1.2953367586867438E-4 0.17460879091029993 2.1646903074382703E-4 1.2953367586867438E-4 0.0013466286441208136 0.022037243104407134 0.004737107484251747 2.1646903074382717E-4 0.02707949368716603 0.004128560000125691 6.51145805119588E-4 0.04098915046719049 7.380811599947411E-4 3.034043856189797E-4 0.6036347672191785 0.006388879226879661 0.07115571860886843 1.2953367586867438E-4 1.2953367586867438E-4 
5.399567913997808E-5 9.023439078217653E-5 0.5311685535072006 0.0013585892982591228 0.11177794367203785 9.023439078217652E-5 9.023439078217653E-5 5.399567913997808E-5 5.250989304885612E-4 2.3518923735097187E-4 0.0035691507084332345 1.26473102424375E-4 5.399567913997808E-5 1.26473102424375E-4 4.526215072041629E-4 0.3496488468914287 3.801440839197675E-4 5.399567913997808E-5 5.399567913997808E-5 9.023439078217649E-5 
7.507313644802854E-4 9.658406400230668E-4 7.507313644802855E-4 0.4834559456824801 3.2051281339472344E-4 3.2051281339472344E-4 7.507313644802855E-4 3.2051281339472344E-4 7.507313644802837E-4 0.0013960591911086329 7.507313644802838E-4 7.507313644802854E-4 3.2051281339472344E-4 3.2051281339472344E-4 3.2051281339472344E-4 0.5064726381655581 3.2051281339472344E-4 3.2051281339472344E-4 3.2051281339472344E-4 3.2051281339472344E-4 
5.12295070528258E-5 2.231406083880423E-4 0.6489812548272289 0.0022516916041436007 0.03202669435540309 5.12295070528258E-5 4.2943392999030135E-4 5.12295070528258E-5 0.04213506711391381 1.5437616785395623E-4 8.561172731986913E-5 1.1999394758691298E-4 3.606694894562142E-4 1.1999394758691298E-4 2.9190504892212895E-4 0.26916086753720075 0.0031112471108196843 1.8875838812099972E-4 1.1999394758691262E-4 8.561172731986932E-5 
1.7017728282297905E-4 7.169316124587152E-4 0.20916701978608362 2.385215740274465E-4 1.01832991618511E-4 2.385215740274465E-4 1.01832991618511E-4 0.0012636859420944505 2.3852157402744645E-4 1.01832991618511E-4 0.09264000328246715 1.01832991618511E-4 1.7017728282297856E-4 1.01832991618511E-4 2.385215740274457E-4 0.6937280444257563 3.0686586523191365E-4 1.701772828229793E-4 1.01832991618511E-4 1.01832991618511E-4 
0.002331214713598094 7.755900189369496E-4 0.10344681986657189 0.5119094182647382 0.0012200542174115683 3.311258204623454E-4 0.0012200542174115663 3.311258204623454E-4 7.755900189369525E-4 7.755900189369526E-4 0.0012200542174115618 3.311258204623454E-4 7.7559001893695E-4 5.533579196996476E-4 5.533579196996502E-4 0.37168096364599923 3.311258204623454E-4 5.533579196996501E-4 3.311258204623454E-4 5.533579196996476E-4 
4.7169810276373605E-4 0.007752944147100146 4.7169810276373605E-4 4.7169810276373605E-4 4.7169810276373605E-4 4.7169810276373605E-4 4.7169810276373605E-4 4.7169810276373605E-4 4.7169810276373605E-4 4.7169810276373605E-4 0.001421425847677183 0.0014214258476771828 7.882740177348851E-4 4.7169810276373605E-4 4.7169810276373605E-4 0.9758420921288741 0.005536912742302113 7.882740177348851E-4 7.88274017734885E-4 4.7169810276373605E-4 
0.0034513019953267307 0.0010341493575466208 0.1703001624518231 0.050487785757533994 0.46223122787596677 6.639548094181453E-4 0.028776964317292965 7.5998762390554E-5 3.244646261073206E-5 9.777491228046504E-5 5.422261250064288E-5 9.77749122804646E-5 1.1955106217037557E-4 1.6310336195019684E-4 0.0026238082995101177 0.2685977030548802 0.010484998409767892 5.1152176018877E-4 9.777491228046443E-5 9.777491228046461E-5 
