4.206250863181422439e-02 4.718293452026160739e-02 3.567059093158336802e-02 3.632564226083060538e-02 4.167483594062242752e-02 4.825024618773527535e-02 2.562899531186365459e-02 2.698964426565911984e-02 4.416330917412610024e-02 3.272488281199158883e-02 5.526315128495821322e-02 5.397591081523377826e-02 4.144419681104360292e-02 4.318439158422095886e-02 3.706524184250744453e-02 4.113226617827875353e-02 3.841156546679336953e-02 4.581327676700414075e-02 4.340062572169963578e-02 3.369512824753502500e-02 3.892369061331280716e-02 3.378991481182878204e-02 3.101943943096367728e-02 3.972320949718630839e-02 4.248440089094521199e-02
3.372719129344228794e-02 4.154332461293497314e-02 4.594723235809503037e-02 3.540967100689151881e-02 4.455810661822501295e-02 3.329870400227533805e-02 3.183215232092644065e-02 2.558208118373215059e-02 3.481668761403044349e-02 3.592680549128701023e-02 4.848643720566628984e-02 4.590755599989802122e-02 3.562135553647831354e-02 3.604549835515345746e-02 4.770639140677314372e-02 4.894771279937775582e-02 4.481538077715033208e-02 2.702837680262184378e-02 4.093294336533801620e-02 3.415454135237985800e-02 6.272847088207615662e-02 4.487570798166054531e-02 5.243686042560039007e-02 3.812341728927939183e-02 2.954739331870600422e-02
4.363673862191442404e-02 5.569468759298618066e-02 4.071970353716847235e-02 5.177331149849870306e-02 3.343610156950617418e-02 4.295394654780408661e-02 5.564952808868711687e-02 4.182612779222728144e-02 3.760051385829297349e-02 4.955575637027261754e-02 4.096115461778458006e-02 2.686296292096458302e-02 3.356423400404964785e-02 3.040418875086540323e-02 5.046594685917484002e-02 3.645331872750965513e-02 3.604345331420876625e-02 2.254510522461720262e-02 4.264066231706824944e-02 4.065075080658985679e-02 4.220038802511338893e-02 3.456946420381389745e-02 3.434193756837992939e-02 4.354479903786021011e-02 3.190521814464169353e-02
3.797246525763406377e-02 3.117590056961619741e-02 4.499326456759533688e-02 3.668057331179562508e-02 4.857330180436091049e-02 2.529042763108047334e-02 5.964629220043153601e-02 4.752901493100544772e-02 3.075949587612503838e-02 3.280272218370587634e-02 3.637886696096131328e-02 3.463250080044850271e-02 3.209805748158683220e-02 3.163240967116005831e-02 5.559018541605275504e-02 3.344447780274271281e-02 5.247498084442770577e-02 2.051949427035881443e-02 4.231313329712585447e-02 3.193268280432819822e-02 4.739549519876882361e-02 4.307734840298908796e-02 3.485931184871591398e-02 4.606756787813423570e-02 6.216002898884855077e-02
3.052357812768610040e-02 5.666132784113182136e-02 4.797653334518327956e-02 4.003008423295970064e-02 3.180472465720354108e-02 3.149186823156376741e-02 3.703872373368160414e-02 3.273870883919892394e-02 3.360840790467177486e-02 3.460645107197413833e-02 3.640101941583267359e-02 4.096714678209427418e-02 5.442275034087239866e-02 4.491950566533531308e-02 4.749920085963391103e-02 4.316407542315777585e-02 3.789168955555759916e-02 4.024416073753580431e-02 4.015095448552891133e-02 3.446042062880348700e-02 4.188905797326589880e-02 2.509700826180786409e-02 5.140940740255694336e-02 3.886461945146812286e-02 4.613857503129431548e-02
3.367454299692670266e-02 3.801169971982235052e-02 3.616176185577557600e-02 3.822772553733794210e-02 4.249873318551335849e-02 3.168287462418262895e-02 4.294036036303656989e-02 4.259591844051342086e-02 4.347054619046309548e-02 3.517679789520497535e-02 4.010520459213494371e-02 3.842113701845193546e-02 3.994354897659513348e-02 6.818381780646855239e-02 3.604828673553460427e-02 4.093164819597886611e-02 4.471445013584248590e-02 4.340301834330447667e-02 3.769975512131715223e-02 3.016860073349194454e-02 4.055674175010907934e-02 3.408369046698415256e-02 3.843263541856594551e-02 3.690444459817276979e-02 4.596205929827139325e-02
3.633979461085957291e-02 4.296108051755782864e-02 3.462284655773664038e-02 6.040057936487315537e-02 3.747534792477568572e-02 4.257996104040433216e-02 2.891382587909822194e-02 4.486744519457892821e-02 4.336355769633046947e-02 5.006383627684939108e-02 3.281766975784672358e-02 2.728340370904674614e-02 3.421831146128396367e-02 3.708751472139511229e-02 3.444150998517508944e-02 3.883044860002177190e-02 5.128571636431631525e-02 4.825572499247961222e-02 3.649036299871298572e-02 4.762328930580019687e-02 3.322755252046184771e-02 5.176172416068998416e-02 3.082888085915331047e-02 3.275263434023661935e-02 4.150698116031516921e-02
4.272455479806853279e-02 3.868414524888796890e-02 3.702917642672495790e-02 4.233416853422010406e-02 6.320002802019560051e-02 3.327937476300442399e-02 3.326447016224848979e-02 3.902652486541016014e-02 3.370813791835795825e-02 4.488644409515299416e-02 5.234878704654047366e-02 3.317166760795896285e-02 4.652830894960482272e-02 3.523813162257200676e-02 4.117579343665220964e-02 3.060956957642679485e-02 4.295528856817924790e-02 3.063641662696751922e-02 3.447763352919770707e-02 3.217188096898939559e-02 6.071747804373953117e-02 3.128902629761287635e-02 4.761171022235783507e-02 3.580023112297307103e-02 3.713105154795617868e-02
4.002928016984308446e-02 3.725001068729336812e-02 3.230988625213980503e-02 3.316322970954131699e-02 5.611505454411914312e-02 3.254231990856284312e-02 3.856192885440901802e-02 3.044465746186738805e-02 2.807328752579437564e-02 4.251698548511121528e-02 5.643851535196835190e-02 5.531232602366326079e-02 5.982301564225803170e-02 4.293651473547237252e-02 3.933346836865404816e-02 3.122334759108573443e-02 4.749814289945088197e-02 4.124553638291529600e-02 4.024704426064507068e-02 4.777883428038927349e-02 3.245238855609484940e-02 3.175032775335100144e-02 2.520124392055739584e-02 4.582635684188876568e-02 3.192629679292405265e-02
3.926104804291356137e-02 3.835387997132302940e-02 4.948355627475073404e-02 4.975403102852583165e-02 3.757268248226129648e-02 3.091616944899969882e-02 3.318254217353873436e-02 5.096274332614073727e-02 3.840846498474945192e-02 2.814861949579700734e-02 5.724417328291454138e-02 2.087567081102029848e-02 4.349034484216484503e-02 2.838228431587268286e-02 5.257554660093659293e-02 5.238546519077649094e-02 2.782269715484821104e-02 2.559029824760894467e-02 5.341573739274291244e-02 4.456947851152318063e-02 3.282722864070765356e-02 3.956747016896214331e-02 3.859678868492820436e-02 3.090167934243084544e-02 5.571139958356208233e-02
3.825998350853044433e-02 4.831615813652341551e-02 5.617262153767582644e-02 4.446722714105671992e-02 3.211716659539102375e-02 3.493904361620728954e-02 3.911278501513258676e-02 2.807810611699277509e-02 3.942829294776450250e-02 5.326494138518611532e-02 3.441762240417552826e-02 5.311970045823662806e-02 3.252190756952851036e-02 4.809314700672031456e-02 3.120641523390399116e-02 2.749157405544259969e-02 3.112988429073923133e-02 4.510164924490834421e-02 3.925004404452098888e-02 3.213357333273992450e-02 5.925845630695537880e-02 3.467714624006910940e-02 3.287154737115668274e-02 4.144401278978238762e-02 4.312699365065941065e-02
2.708398159105955202e-02 3.271727131475809375e-02 3.822126278633423274e-02 6.873907358340611284e-02 4.262956514018727272e-02 3.699995452660792550e-02 3.543113915573390532e-02 4.194445827074588795e-02 3.252741556675831786e-02 5.190175931592543729e-02 2.380406137477760961e-02 3.280135815360394475e-02 2.522889489775075392e-02 6.269633698088100671e-02 3.719775704249756593e-02 3.758784156192720299e-02 4.974202909062607619e-02 3.389756485092884630e-02 2.816608089965720249e-02 4.738978638830906170e-02 3.683781043393789811e-02 4.417421018412635153e-02 5.304385255047758263e-02 4.092119802651537214e-02 3.831533631246662047e-02
3.752169571728331682e-02 3.723101117143370886e-02 3.136208234533307410e-02 3.232853440861913064e-02 3.837621127528965947e-02 4.547303663115030703e-02 2.718338250653800497e-02 4.463325612536495762e-02 4.656791846188757661e-02 3.924082242234713108e-02 5.904313902542527442e-02 3.189735401533909387e-02 3.779211374877330942e-02 5.504512585189500623e-02 3.966580649571262163e-02 5.054035520841714674e-02 4.499821759213529920e-02 3.244495677610921558e-02 2.710789422904388846e-02 4.288257690911326248e-02 3.032111371733324859e-02 3.257315506639957281e-02 4.431675871767437602e-02 4.311820336919892915e-02 4.833527821218258635e-02
3.717397775453542413e-02 4.711155121922840083e-02 3.788245987818761318e-02 3.946346624102418932e-02 3.842312312528782525e-02 2.359657339761705649e-02 3.113026265756777683e-02 5.079262004905392425e-02 4.031686723442353543e-02 3.839555876143440488e-02 3.777289782970815607e-02 3.912295991846625326e-02 3.197996017081474601e-02 3.623335558159768155e-02 3.665147290883225689e-02 4.761335081789917073e-02 3.913455704199684387e-02 3.939560904198997904e-02 3.982454064213299116e-02 3.331099009209822354e-02 7.136791215682691814e-02 3.972364797592684710e-02 3.554298712350156819e-02 2.962006353359452129e-02 5.841923484625364399e-02
2.953620208495872854e-02 4.918565462586087234e-02 3.162051376665670627e-02 5.529230000980942666e-02 4.015216960438904026e-02 3.233134203396552386e-02 2.546343151552013170e-02 4.561169135633211247e-02 4.481011782764438012e-02 3.896107798767740882e-02 4.491356175375415399e-02 2.953551609146926396e-02 4.660550390119819197e-02 3.844760707778597381e-02 4.016994580678270865e-02 3.886937513453835036e-02 4.245090762298192599e-02 2.765073039883457137e-02 4.242443773682258445e-02 3.415163087515531853e-02 5.666703806298180324e-02 4.284951213782951102e-02 5.418797406602311739e-02 3.782791212826711047e-02 3.028384639276084783e-02
5.764139947684290138e-02 4.255620025698743369e-02 4.881963553091053093e-02 3.484204102179435519e-02 3.463192879161884619e-02 3.272616753986704735e-02 3.785691798474782183e-02 3.513265259208984276e-02 3.277765058852397800e-02 4.085064053552883018e-02 4.090924685280322021e-02 5.021310203335103972e-02 4.814315641672562568e-02 3.776209538380974340e-02 3.057052375483894011e-02 2.601340716631064809e-02 4.847100935817208467e-02 3.194738740204577931e-02 3.803049572795178662e-02 5.141916611747582300e-02 4.804013668159550637e-02 3.066298893143010532e-02 4.738234711978883684e-02 3.593108528780587091e-02 3.666861744698330511e-02
2.580286886548018022e-02 3.788205410212108076e-02 3.717344796610728974e-02 6.140072163737878702e-02 4.247712008776283882e-02 3.212399231279319811e-02 4.569099940220882478e-02 4.052562768600657950e-02 3.991672826667515273e-02 4.454989690316223799e-02 3.756829233961771208e-02 3.104347178354690748e-02 3.867734096663709431e-02 4.150833054587380749e-02 5.294436848755695174e-02 2.877018784682559491e-02 2.723083704189100188e-02 4.494253862187752580e-02 3.391066896727237129e-02 4.548629014848108026e-02 5.074476474578272500e-02 3.908743554155660188e-02 3.625634373511348735e-02 3.790114279111683054e-02 4.638452920715418343e-02
5.038865973092753608e-02 3.585540028604362189e-02 2.975298251165224561e-02 4.297312474417266243e-02 3.643742771608823872e-02 3.587643075120090785e-02 3.669663342073255924e-02 5.643649281056161565e-02 3.198804527839144152e-02 4.227993029039722739e-02 3.664445281305083596e-02 3.705601174216444083e-02 4.356014887247430800e-02 3.513609261179997945e-02 4.505157437660535502e-02 4.996317189813420656e-02 4.459379284874718380e-02 3.460578093271667738e-02 4.476836060565208414e-02 5.895894002060528966e-02 2.797333163864098096e-02 3.228643133372571111e-02 3.655573716255375999e-02 4.069302450604846133e-02 3.346802109691250637e-02
4.714212904575437735e-02 3.159551288954937781e-02 4.654380086414802720e-02 2.924589595277799978e-02 4.016289192291498666e-02 4.252933624785922018e-02 3.514095325386398794e-02 4.261524173445607744e-02 3.550291789924193281e-02 4.407654475208346717e-02 4.141599698976472510e-02 3.261873055586721193e-02 6.685669145704412064e-02 4.330229846465948745e-02 3.564134987790377324e-02 3.384263214136141312e-02 3.147819167268202378e-02 2.390724577438149007e-02 2.923987858469377296e-02 4.634936396551304211e-02 5.747688710454645911e-02 4.872730204648582225e-02 4.207450262018559706e-02 3.131047154974796187e-02 4.120323263251366580e-02
3.710288246308530297e-02 3.919318275348554481e-02 3.222263259125989626e-02 3.944041679817307522e-02 3.831415429781961923e-02 3.895791143342359347e-02 3.645874045519253981e-02 4.162506070855128554e-02 4.887647579797836650e-02 4.644130571096285326e-02 5.627201562119398676e-02 4.693527017037409793e-02 4.092637148339441089e-02 3.699515942383437700e-02 4.599993130309803363e-02 4.631155240809414070e-02 3.454681346009594312e-02 4.972386758121883493e-02 3.747271809271151416e-02 4.081016597040146993e-02 5.127627615704896669e-02 2.875365132671986110e-02 2.746678115021755975e-02 2.872862660418898720e-02 2.914803623747568018e-02
2.846280893070407894e-02 3.840328722361243535e-02 3.635905688188498242e-02 5.229491239578860223e-02 3.924677911856853246e-02 3.755071181820050785e-02 4.015345206172226539e-02 3.283950030540194048e-02 4.118921153393394902e-02 4.017043005390125848e-02 4.844938680858683344e-02 4.026053397511401843e-02 3.974015260194743021e-02 3.298518786759186555e-02 3.228263023097058260e-02 3.244953605356233617e-02 3.933905553558002949e-02 4.303562622353751532e-02 3.907209673375113684e-02 5.728214230778886501e-02 3.546833942613427521e-02 3.401996468943875584e-02 4.003462271790565741e-02 4.876447982309494583e-02 5.014609468127678021e-02
3.909129735961317659e-02 3.847888723899390434e-02 2.978368352026728241e-02 2.521186083138164669e-02 3.906692846014696990e-02 3.638807736754279959e-02 4.698762658238581080e-02 4.030795098417110783e-02 3.889245325146148402e-02 3.370198224957224320e-02 3.397601802249556463e-02 4.156219992781525624e-02 5.914191602794871550e-02 3.502539592939480501e-02 5.242606536752728030e-02 4.043066744159420911e-02 4.016648919530289852e-02 4.937443895483785428e-02 3.654469089365827705e-02 4.039535873068401256e-02 4.574310859894672315e-02 2.426269765799459951e-02 4.529726328990977408e-02 5.009556085807072290e-02 3.764738125828281934e-02
2.745888655861218261e-02 4.082430459127549260e-02 3.702939646467566515e-02 4.294912761770683374e-02 4.301450878742579809e-02 2.955294436757272686e-02 4.041360707206154840e-02 5.476983207541672588e-02 3.968595479895007522e-02 5.854589414117187390e-02 4.013031892334434358e-02 2.894077098532410811e-02 5.292209245909837434e-02 3.571341259140747848e-02 3.089151677202487539e-02 3.533344302987507374e-02 4.045535796045845317e-02 2.785655521184935909e-02 4.197608645513858927e-02 3.112775293222654061e-02 4.879966916832950002e-02 3.233463571574270168e-02 3.724466796090334514e-02 4.789495816928126398e-02 5.413430519012678299e-02
5.045188974410174526e-02 4.058614118184717540e-02 3.528652924471593899e-02 3.756054981966884532e-02 4.238197587417524836e-02 2.970323891528484431e-02 3.436619594641782127e-02 3.914582729165793501e-02 3.858559500460848057e-02 4.341452998905959149e-02 3.452988882659902697e-02 5.296800637791061750e-02 3.669611727232460763e-02 4.570574389156303180e-02 3.365500910214207220e-02 3.040444695284490184e-02 3.479230321947363036e-02 3.927772295810918329e-02 5.065179401096491646e-02 4.879042230850710177e-02 3.633236820836922149e-02 4.908105654359203041e-02 3.438180539021851168e-02 3.079852971673861795e-02 5.045231220910468412e-02
4.258503037003909253e-02 4.105461077001023446e-02 4.445568155970940072e-02 4.145082863455291228e-02 3.992918938588607691e-02 3.489180114458725196e-02 3.645983133004449678e-02 4.433856391695982502e-02 2.404405170460299085e-02 4.099303179723853136e-02 5.699292452600573933e-02 3.509810006712618669e-02 4.380782295891754580e-02 3.520600562532961303e-02 3.993852945474347937e-02 3.308306246236878551e-02 3.663278896261075446e-02 3.676910058477823873e-02 3.273401119519965541e-02 4.147828228694266928e-02 3.107261495903747284e-02 5.109184993075072123e-02 3.686389365299316129e-02 4.423452954863554831e-02 5.479386317092969222e-02
